Graph is bipartite
Count of matching: 425
(189, 573)
(324, 883)
(297, 938)
(232, 400)
(516, 529)
(599, 840)
(70, 576)
(211, 862)
(157, 163)
(846, 955)
(639, 999)
(367, 973)
(151, 429)
(213, 758)
(510, 633)
(137, 923)
(432, 704)
(376, 660)
(5, 707)
(525, 946)
(590, 988)
(838, 914)
(595, 913)
(845, 891)
(294, 446)
(398, 912)
(528, 622)
(94, 396)
(458, 981)
(184, 861)
(0, 777)
(47, 663)
(284, 801)
(499, 737)
(832, 902)
(635, 672)
(389, 607)
(56, 614)
(60, 665)
(299, 947)
(523, 664)
(147, 348)
(210, 868)
(486, 773)
(260, 504)
(388, 732)
(625, 969)
(174, 552)
(545, 712)
(99, 448)
(63, 408)
(606, 820)
(287, 986)
(293, 323)
(253, 952)
(479, 608)
(692, 752)
(257, 406)
(87, 102)
(136, 781)
(275, 558)
(336, 503)
(138, 580)
(119, 975)
(306, 572)
(620, 857)
(581, 786)
(59, 817)
(711, 715)
(427, 864)
(46, 209)
(214, 830)
(141, 249)
(35, 468)
(379, 394)
(169, 935)
(190, 856)
(430, 854)
(571, 951)
(565, 880)
(79, 925)
(417, 419)
(825, 885)
(416, 537)
(29, 942)
(357, 812)
(550, 655)
(333, 992)
(65, 626)
(162, 248)
(358, 958)
(440, 768)
(235, 646)
(40, 645)
(42, 462)
(91, 395)
(326, 813)
(428, 598)
(307, 483)
(744, 775)
(385, 477)
(180, 722)
(78, 276)
(423, 530)
(9, 918)
(337, 356)
(805, 849)
(460, 463)
(869, 909)
(615, 727)
(118, 833)
(343, 561)
(24, 835)
(410, 841)
(28, 158)
(153, 265)
(621, 629)
(500, 647)
(290, 874)
(168, 393)
(514, 959)
(313, 677)
(461, 931)
(97, 131)
(470, 642)
(436, 747)
(98, 519)
(377, 683)
(734, 926)
(123, 457)
(342, 987)
(171, 858)
(196, 391)
(414, 434)
(172, 426)
(374, 397)
(270, 809)
(881, 972)
(491, 539)
(309, 441)
(246, 982)
(156, 556)
(182, 535)
(128, 534)
(329, 751)
(289, 882)
(61, 680)
(268, 488)
(453, 790)
(360, 976)
(480, 502)
(280, 563)
(193, 490)
(181, 273)
(228, 587)
(685, 818)
(422, 810)
(566, 783)
(693, 749)
(315, 726)
(279, 996)
(714, 966)
(269, 772)
(310, 494)
(236, 439)
(173, 345)
(227, 325)
(19, 901)
(64, 941)
(154, 361)
(114, 709)
(369, 921)
(33, 904)
(238, 596)
(292, 475)
(582, 656)
(3, 729)
(140, 954)
(110, 675)
(272, 392)
(201, 782)
(451, 740)
(282, 532)
(51, 634)
(618, 800)
(104, 753)
(32, 895)
(602, 842)
(187, 435)
(148, 670)
(305, 638)
(347, 469)
(716, 808)
(244, 673)
(4, 113)
(413, 708)
(18, 447)
(384, 681)
(481, 940)
(160, 995)
(375, 829)
(122, 424)
(44, 194)
(301, 512)
(610, 822)
(298, 983)
(281, 780)
(303, 964)
(636, 748)
(362, 643)
(661, 961)
(745, 997)
(934, 977)
(49, 603)
(106, 155)
(100, 746)
(401, 760)
(894, 932)
(218, 328)
(133, 644)
(412, 724)
(897, 900)
(108, 578)
(409, 991)
(492, 851)
(605, 735)
(204, 322)
(363, 738)
(611, 798)
(688, 827)
(970, 971)
(803, 979)
(191, 340)
(341, 821)
(10, 433)
(224, 254)
(117, 695)
(55, 207)
(352, 421)
(372, 903)
(142, 459)
(13, 67)
(978, 989)
(200, 320)
(20, 793)
(256, 411)
(197, 403)
(84, 370)
(316, 898)
(135, 247)
(871, 963)
(350, 624)
(202, 877)
(351, 848)
(27, 945)
(588, 701)
(511, 893)
(167, 899)
(669, 766)
(150, 296)
(125, 886)
(557, 799)
(34, 332)
(855, 860)
(239, 242)
(266, 774)
(225, 609)
(183, 221)
(12, 330)
(667, 917)
(474, 522)
(251, 258)
(144, 956)
(45, 354)
(7, 916)
(192, 562)
(497, 866)
(764, 957)
(465, 836)
(208, 506)
(467, 742)
(130, 743)
(2, 37)
(220, 308)
(66, 278)
(540, 844)
(80, 185)
(261, 736)
(271, 994)
(730, 843)
(415, 689)
(498, 847)
(302, 554)
(223, 517)
(85, 319)
(720, 814)
(487, 612)
(75, 219)
(295, 731)
(493, 652)
(8, 819)
(134, 570)
(344, 585)
(501, 759)
(109, 314)
(25, 101)
(93, 546)
(259, 549)
(317, 837)
(116, 139)
(216, 311)
(288, 948)
(334, 721)
(300, 666)
(444, 628)
(6, 431)
(23, 706)
(364, 679)
(149, 583)
(229, 402)
(649, 876)
(339, 682)
(175, 687)
(312, 445)
(72, 88)
(105, 381)
(36, 937)
(365, 671)
(658, 691)
(159, 335)
(264, 553)
(536, 594)
(241, 933)
(304, 482)
(559, 690)
(121, 873)
(71, 968)
(538, 765)
(454, 718)
(170, 338)
(505, 993)
(74, 797)
(77, 286)
(31, 179)
(613, 791)
(676, 887)
(616, 698)
(22, 853)
(178, 719)
(115, 541)
(89, 804)
(234, 754)
(437, 597)
(331, 915)
(164, 420)
(103, 120)
(564, 619)
(215, 785)
(165, 205)
(48, 631)
(285, 705)
(206, 960)
(703, 927)
(16, 526)
(702, 850)
(368, 852)
(617, 653)
(471, 697)
(686, 859)
(567, 771)
(383, 928)
(507, 637)
(263, 524)
(245, 640)
(291, 604)
(30, 145)
(92, 404)
(57, 371)
(233, 750)
(203, 888)
(107, 770)
(592, 717)
(593, 920)
(485, 865)
(38, 527)
(212, 990)
(69, 146)
(355, 728)
(267, 386)
(73, 255)
(710, 794)
(380, 863)
(584, 762)
(449, 789)
(26, 132)
(327, 939)
(176, 908)
(240, 382)
(478, 699)
(650, 806)
(177, 390)
(723, 890)
(129, 662)
(788, 870)
(796, 949)
(81, 739)
(577, 823)
(222, 872)
(124, 828)
(199, 591)
(230, 560)
(353, 456)
(472, 543)
(489, 555)
(496, 513)
(509, 542)
(515, 574)
(518, 547)
(521, 630)
(733, 875)
(761, 953)
(763, 998)
(795, 929)
(815, 889)
(911, 924)
