Graph is bipartite
Count of matching: 130
(52, 159)
(182, 644)
(122, 937)
(415, 543)
(57, 715)
(328, 993)
(651, 951)
(250, 790)
(402, 530)
(173, 778)
(497, 676)
(332, 547)
(593, 647)
(477, 581)
(468, 887)
(491, 763)
(183, 923)
(303, 671)
(242, 315)
(71, 200)
(489, 903)
(346, 363)
(273, 754)
(184, 539)
(156, 757)
(322, 936)
(503, 515)
(102, 749)
(717, 957)
(54, 282)
(141, 829)
(532, 776)
(94, 446)
(538, 770)
(124, 218)
(161, 191)
(357, 981)
(101, 103)
(403, 810)
(134, 246)
(196, 542)
(100, 318)
(573, 809)
(110, 677)
(796, 941)
(405, 618)
(113, 855)
(662, 734)
(23, 913)
(68, 502)
(482, 803)
(262, 670)
(280, 459)
(746, 990)
(85, 214)
(249, 891)
(375, 705)
(180, 401)
(314, 816)
(289, 450)
(61, 832)
(224, 585)
(916, 970)
(461, 917)
(742, 872)
(251, 354)
(205, 421)
(323, 641)
(309, 316)
(190, 620)
(44, 873)
(10, 116)
(29, 490)
(72, 436)
(441, 720)
(338, 407)
(28, 781)
(305, 583)
(66, 341)
(114, 907)
(2, 99)
(571, 709)
(272, 337)
(308, 483)
(522, 874)
(90, 838)
(621, 851)
(87, 106)
(84, 476)
(694, 807)
(663, 723)
(343, 629)
(51, 725)
(189, 511)
(168, 771)
(689, 879)
(145, 710)
(266, 466)
(188, 752)
(263, 688)
(255, 751)
(50, 148)
(556, 870)
(589, 994)
(374, 447)
(458, 945)
(707, 989)
(460, 904)
(46, 197)
(406, 562)
(793, 983)
(420, 911)
(344, 473)
(268, 380)
(365, 996)
(160, 908)
(844, 878)
(140, 553)
(195, 279)
(216, 509)
(64, 504)
(814, 953)
(601, 836)
(469, 949)
(753, 777)
(442, 513)
(302, 453)
(112, 848)
(223, 642)
(376, 537)
