Graph is bipartite
Count of matching: 316
(424, 970)
(177, 455)
(889, 917)
(158, 215)
(128, 684)
(554, 941)
(446, 447)
(831, 957)
(335, 744)
(541, 611)
(366, 368)
(407, 467)
(556, 915)
(779, 961)
(241, 956)
(505, 828)
(57, 399)
(441, 632)
(833, 867)
(922, 954)
(643, 874)
(600, 616)
(126, 745)
(726, 908)
(232, 635)
(350, 984)
(615, 900)
(642, 783)
(708, 975)
(267, 334)
(113, 623)
(389, 675)
(73, 564)
(94, 114)
(571, 871)
(559, 576)
(15, 132)
(235, 847)
(271, 876)
(37, 527)
(144, 748)
(138, 291)
(308, 883)
(183, 205)
(139, 269)
(61, 606)
(506, 580)
(72, 149)
(560, 765)
(637, 707)
(749, 851)
(265, 584)
(225, 332)
(160, 696)
(251, 254)
(203, 276)
(533, 578)
(928, 978)
(28, 36)
(425, 892)
(147, 380)
(195, 723)
(42, 44)
(377, 842)
(794, 823)
(654, 701)
(58, 228)
(755, 907)
(419, 802)
(573, 757)
(259, 545)
(337, 790)
(18, 355)
(124, 522)
(567, 692)
(76, 454)
(175, 209)
(252, 648)
(840, 935)
(700, 943)
(633, 897)
(224, 489)
(23, 159)
(977, 980)
(479, 952)
(26, 740)
(724, 832)
(590, 809)
(305, 515)
(431, 810)
(619, 863)
(156, 962)
(109, 272)
(519, 788)
(487, 864)
(841, 912)
(793, 951)
(25, 762)
(390, 994)
(54, 636)
(63, 465)
(82, 603)
(288, 331)
(481, 861)
(134, 849)
(165, 512)
(414, 852)
(198, 518)
(117, 477)
(439, 775)
(222, 895)
(733, 872)
(363, 865)
(478, 488)
(184, 750)
(95, 264)
(47, 97)
(214, 713)
(411, 797)
(420, 452)
(280, 806)
(537, 878)
(257, 586)
(604, 770)
(433, 690)
(316, 681)
(318, 474)
(7, 932)
(326, 781)
(404, 920)
(14, 418)
(837, 882)
(617, 674)
(341, 591)
(246, 475)
(293, 507)
(93, 491)
(321, 602)
(327, 923)
(141, 605)
(75, 577)
(297, 497)
(146, 357)
(21, 853)
(77, 250)
(172, 470)
(502, 887)
(51, 260)
(333, 884)
(211, 534)
(50, 595)
(292, 429)
(317, 629)
(644, 845)
(143, 581)
(65, 192)
(705, 758)
(565, 817)
(17, 90)
(231, 627)
(613, 985)
(243, 490)
(392, 751)
(8, 699)
(181, 356)
(459, 974)
(69, 618)
(807, 992)
(107, 255)
(585, 647)
(395, 904)
(791, 934)
(234, 460)
(625, 719)
(67, 875)
(46, 127)
(417, 946)
(494, 729)
(300, 891)
(266, 898)
(60, 649)
(164, 715)
(940, 982)
(566, 925)
(500, 795)
(514, 739)
(150, 679)
(329, 347)
(270, 405)
(528, 903)
(174, 344)
(336, 408)
(253, 824)
(410, 997)
(39, 963)
(178, 227)
(328, 998)
(173, 786)
(2, 666)
(939, 981)
(539, 888)
(258, 610)
(413, 937)
(378, 436)
(5, 838)
(208, 312)
(398, 991)
(238, 752)
(710, 803)
(374, 960)
(330, 612)
(256, 662)
(104, 485)
(171, 493)
(279, 814)
(664, 767)
(557, 677)
(185, 901)
(676, 988)
(906, 964)
(123, 131)
(597, 927)
(38, 179)
(66, 933)
(20, 310)
(698, 924)
(12, 562)
(89, 938)
(313, 949)
(720, 760)
(282, 287)
(96, 929)
(509, 860)
(388, 508)
(339, 430)
(10, 367)
(169, 589)
(753, 918)
(27, 703)
(11, 686)
(99, 808)
(947, 958)
(103, 196)
(284, 463)
(434, 569)
(24, 396)
(187, 948)
(145, 942)
(217, 694)
(268, 383)
(524, 754)
(111, 735)
(88, 714)
(655, 905)
(379, 819)
(776, 959)
(685, 811)
(200, 340)
(353, 813)
(121, 469)
(309, 645)
(360, 461)
(483, 967)
(774, 821)
(170, 825)
(22, 322)
(391, 561)
(70, 771)
(361, 965)
(125, 298)
(325, 763)
(582, 640)
(110, 678)
(804, 886)
(81, 85)
(16, 233)
(142, 688)
(116, 711)
(384, 661)
(223, 834)
(274, 894)
(180, 364)
(115, 634)
(371, 553)
(100, 529)
(320, 761)
(400, 879)
(43, 437)
(229, 818)
(220, 283)
(202, 549)
(275, 734)
(221, 504)
(766, 921)
(453, 899)
(240, 535)
(435, 759)
(48, 194)
(278, 665)
(570, 782)
(492, 689)
(412, 601)
(427, 464)
(315, 659)
(277, 812)
(421, 885)
(544, 657)
(704, 953)
(212, 450)
(105, 263)
(369, 501)
(382, 596)
(422, 639)
(480, 548)
(563, 572)
(588, 608)
