Graph is bipartite
Count of matching: 492
(17, 18)
(20, 71)
(106, 130)
(574, 800)
(66, 625)
(62, 227)
(293, 919)
(502, 616)
(789, 848)
(870, 903)
(672, 885)
(229, 696)
(557, 699)
(386, 521)
(14, 927)
(119, 828)
(532, 631)
(210, 838)
(263, 612)
(344, 429)
(196, 967)
(303, 382)
(505, 749)
(99, 607)
(411, 808)
(212, 302)
(291, 771)
(65, 701)
(450, 727)
(337, 929)
(436, 822)
(4, 356)
(498, 764)
(403, 775)
(189, 872)
(2, 296)
(232, 902)
(234, 265)
(439, 841)
(202, 632)
(901, 915)
(614, 627)
(586, 725)
(55, 442)
(12, 984)
(48, 203)
(308, 479)
(205, 928)
(469, 799)
(28, 488)
(95, 893)
(32, 989)
(46, 88)
(97, 551)
(178, 628)
(270, 971)
(190, 370)
(338, 662)
(397, 956)
(409, 622)
(756, 847)
(588, 654)
(603, 673)
(105, 942)
(145, 759)
(315, 486)
(419, 952)
(109, 674)
(670, 970)
(802, 877)
(281, 850)
(306, 684)
(648, 811)
(220, 467)
(752, 935)
(563, 576)
(116, 786)
(542, 924)
(560, 960)
(555, 830)
(708, 718)
(44, 591)
(272, 511)
(500, 518)
(115, 945)
(125, 581)
(5, 566)
(524, 755)
(652, 876)
(180, 886)
(31, 747)
(103, 816)
(865, 926)
(733, 905)
(117, 546)
(431, 711)
(594, 938)
(713, 950)
(449, 806)
(520, 823)
(140, 549)
(909, 959)
(72, 741)
(461, 692)
(319, 992)
(408, 704)
(923, 979)
(93, 314)
(642, 895)
(385, 728)
(907, 990)
(77, 539)
(328, 452)
(6, 647)
(729, 801)
(204, 766)
(917, 949)
(96, 168)
(787, 839)
(273, 883)
(390, 474)
(685, 997)
(519, 804)
(110, 155)
(54, 818)
(3, 507)
(70, 667)
(493, 497)
(525, 914)
(276, 921)
(104, 443)
(433, 958)
(554, 618)
(620, 792)
(170, 345)
(349, 496)
(347, 580)
(457, 932)
(420, 514)
(523, 639)
(323, 852)
(760, 988)
(313, 961)
(730, 974)
(245, 807)
(34, 389)
(805, 995)
(535, 744)
(21, 352)
(402, 940)
(147, 985)
(141, 435)
(501, 613)
(466, 491)
(516, 986)
(853, 964)
(515, 770)
(33, 939)
(261, 396)
(187, 953)
(301, 536)
(735, 963)
(80, 558)
(45, 976)
(268, 367)
(73, 128)
(146, 387)
(184, 499)
(253, 264)
(135, 368)
(621, 910)
(165, 894)
(426, 697)
(257, 719)
(78, 90)
(318, 993)
(60, 441)
(481, 678)
(748, 842)
(260, 483)
(167, 707)
(768, 803)
(13, 887)
(575, 779)
(142, 641)
(159, 721)
(398, 966)
(790, 834)
(182, 277)
(157, 251)
(120, 636)
(571, 665)
(235, 688)
(185, 437)
(179, 406)
(559, 785)
(608, 650)
(39, 144)
(820, 987)
(585, 998)
(15, 312)
(375, 412)
(304, 384)
(567, 969)
(213, 413)
(355, 446)
(565, 869)
(778, 864)
(831, 965)
(174, 657)
(8, 658)
(249, 878)
(336, 978)
(298, 339)
(0, 682)
(255, 541)
(320, 527)
(158, 710)
(183, 794)
(736, 773)
(472, 906)
(661, 904)
(114, 973)
(410, 427)
(366, 540)
(462, 640)
(79, 124)
(111, 552)
(149, 252)
(438, 686)
(383, 981)
(321, 975)
(434, 957)
(534, 843)
(826, 892)
(331, 340)
(53, 814)
(84, 582)
(703, 743)
(796, 858)
(152, 289)
(238, 478)
(198, 922)
(468, 857)
(236, 377)
(512, 937)
(401, 859)
(139, 444)
(86, 200)
(353, 898)
(250, 815)
(230, 330)
(208, 780)
(722, 880)
(545, 702)
(176, 615)
(36, 464)
(350, 651)
(447, 947)
(161, 980)
(194, 510)
(56, 416)
(225, 305)
(341, 758)
(528, 832)
(283, 862)
(373, 376)
(723, 734)
(346, 509)
(380, 930)
(550, 763)
(453, 473)
(216, 646)
(326, 757)
(311, 645)
(712, 716)
(136, 482)
(578, 738)
(113, 288)
(888, 931)
(94, 683)
(201, 666)
(246, 825)
(35, 188)
(772, 855)
(221, 955)
(51, 470)
(102, 691)
(49, 423)
(223, 863)
(399, 506)
(195, 856)
(720, 936)
(604, 795)
(307, 777)
(609, 776)
(42, 214)
(715, 751)
(388, 638)
(242, 824)
(58, 487)
(7, 274)
(101, 946)
(421, 788)
(484, 595)
(59, 797)
(206, 977)
(131, 983)
(644, 968)
(262, 649)
(454, 821)
(643, 918)
(746, 753)
(363, 490)
(400, 564)
(485, 635)
(624, 875)
(197, 354)
(52, 256)
(456, 891)
(100, 745)
(162, 948)
(458, 681)
(317, 840)
(9, 297)
(108, 695)
(378, 531)
(127, 166)
(91, 362)
(477, 600)
(360, 900)
(432, 920)
(19, 215)
(173, 324)
(455, 504)
(278, 871)
(148, 999)
(26, 606)
(239, 897)
(226, 537)
(371, 653)
(76, 619)
(348, 459)
(61, 798)
(122, 335)
(181, 659)
(38, 913)
(599, 754)
(392, 660)
(193, 233)
(295, 791)
(154, 934)
(24, 150)
(63, 69)
(209, 547)
(290, 867)
(231, 381)
(611, 996)
(379, 750)
(175, 584)
(590, 835)
(160, 529)
(64, 240)
(517, 698)
(463, 726)
(513, 844)
(663, 761)
(690, 925)
(357, 861)
(23, 845)
(47, 784)
(269, 533)
(107, 417)
(156, 579)
(374, 884)
(332, 668)
(37, 700)
(126, 933)
(391, 689)
(280, 372)
(30, 300)
(68, 129)
(476, 530)
(132, 219)
(123, 244)
(87, 605)
(191, 415)
(309, 573)
(543, 732)
(526, 962)
(74, 271)
(92, 405)
(601, 679)
(192, 813)
(267, 284)
(266, 944)
(706, 740)
(548, 693)
(75, 846)
(430, 881)
(222, 617)
(199, 451)
(365, 404)
(570, 874)
(705, 836)
(361, 561)
(495, 587)
(494, 694)
(626, 675)
(169, 912)
(359, 762)
(133, 837)
(248, 287)
(218, 793)
(186, 583)
(351, 916)
(316, 522)
(22, 322)
(40, 866)
(163, 325)
(669, 817)
(279, 765)
(98, 991)
(81, 508)
(29, 739)
(224, 286)
(27, 954)
(333, 592)
(343, 633)
(247, 418)
(177, 676)
(171, 896)
(503, 769)
(342, 819)
(598, 742)
(717, 854)
(282, 393)
(143, 207)
(50, 254)
(610, 860)
(10, 164)
(629, 829)
(480, 556)
(597, 908)
(577, 851)
(285, 562)
(82, 310)
(137, 882)
(228, 943)
(569, 589)
(572, 687)
(25, 471)
(43, 873)
(138, 259)
(153, 782)
(151, 448)
(424, 445)
(538, 714)
(292, 422)
(121, 709)
(623, 951)
(425, 680)
(11, 428)
(67, 329)
(630, 833)
(275, 596)
(237, 731)
(243, 634)
(57, 553)
(41, 774)
(327, 395)
(134, 258)
(89, 112)
(781, 849)
(241, 737)
(294, 941)
(118, 544)
(369, 407)
(334, 812)
(593, 637)
(656, 783)
(211, 217)
(364, 568)
(394, 489)
(414, 475)
(465, 492)
(655, 827)
(664, 972)
(677, 982)
(724, 767)
(809, 890)
(889, 899)
