Graph is bipartite
Count of matching: 393
(187, 869)
(19, 409)
(9, 890)
(249, 435)
(364, 672)
(347, 625)
(306, 834)
(370, 608)
(115, 983)
(179, 757)
(148, 662)
(21, 585)
(131, 438)
(229, 452)
(3, 954)
(326, 641)
(362, 496)
(256, 963)
(140, 550)
(30, 489)
(348, 417)
(122, 919)
(368, 432)
(355, 560)
(225, 868)
(300, 898)
(67, 696)
(111, 455)
(45, 537)
(392, 910)
(142, 726)
(101, 935)
(298, 546)
(164, 502)
(10, 682)
(107, 871)
(18, 793)
(171, 645)
(159, 918)
(215, 404)
(219, 932)
(294, 962)
(385, 415)
(358, 736)
(160, 742)
(193, 421)
(0, 448)
(74, 424)
(217, 580)
(186, 485)
(8, 506)
(238, 532)
(70, 664)
(195, 597)
(4, 746)
(367, 816)
(99, 583)
(87, 856)
(123, 711)
(365, 464)
(276, 563)
(263, 691)
(235, 772)
(243, 883)
(143, 518)
(240, 707)
(338, 721)
(105, 519)
(77, 600)
(20, 969)
(152, 630)
(139, 758)
(292, 610)
(50, 857)
(112, 423)
(316, 738)
(33, 633)
(237, 948)
(130, 822)
(48, 505)
(210, 436)
(198, 565)
(251, 995)
(214, 820)
(328, 433)
(174, 613)
(40, 393)
(27, 697)
(194, 981)
(391, 592)
(166, 501)
(2, 735)
(80, 568)
(133, 998)
(330, 609)
(241, 531)
(200, 917)
(42, 569)
(275, 947)
(247, 467)
(206, 676)
(117, 775)
(161, 534)
(7, 714)
(104, 903)
(76, 984)
(372, 992)
(236, 564)
(389, 416)
(82, 744)
(13, 650)
(126, 679)
(190, 453)
(287, 642)
(88, 680)
(153, 422)
(354, 561)
(47, 889)
(377, 544)
(96, 967)
(340, 513)
(252, 787)
(350, 801)
(61, 936)
(28, 521)
(327, 817)
(346, 449)
(151, 838)
(267, 659)
(265, 451)
(147, 486)
(244, 675)
(390, 976)
(157, 774)
(165, 885)
(120, 743)
(184, 517)
(232, 804)
(329, 993)
(149, 806)
(51, 648)
(52, 473)
(246, 851)
(197, 949)
(201, 709)
(313, 770)
(224, 692)
(24, 905)
(39, 777)
(388, 800)
(155, 598)
(66, 520)
(114, 807)
(178, 581)
(319, 529)
(230, 628)
(278, 915)
(189, 837)
(253, 611)
(53, 824)
(305, 658)
(353, 945)
(41, 953)
(106, 695)
(259, 547)
(134, 614)
(218, 756)
(270, 803)
(60, 584)
(345, 833)
(202, 533)
(299, 722)
(145, 902)
(374, 752)
(83, 536)
(62, 760)
(1, 768)
(264, 867)
(203, 708)
(158, 566)
(255, 755)
(91, 823)
(339, 897)
(209, 644)
(245, 499)
(79, 952)
(376, 928)
(284, 674)
(154, 982)
(351, 593)
(262, 515)
(359, 704)
(331, 785)
(231, 420)
(177, 965)
(71, 840)
(183, 901)
(25, 553)
(227, 660)
(324, 849)
(146, 870)
(343, 481)
(258, 931)
(69, 488)
(121, 535)
(181, 549)
(333, 961)
(100, 759)
(302, 866)
(366, 640)
(54, 472)
(308, 626)
(175, 789)
(98, 407)
(383, 656)
(150, 454)
(65, 904)
(173, 437)
(337, 545)
(281, 882)
(34, 809)
(254, 403)
(169, 853)
(221, 900)
(32, 457)
(163, 886)
(356, 944)
(271, 595)
(386, 832)
(192, 805)
(59, 968)
(72, 632)
(136, 406)
(239, 916)
(379, 896)
(12, 474)
(109, 663)
(68, 872)
(286, 466)
(318, 913)
(290, 994)
(132, 646)
(92, 439)
(296, 754)
(268, 835)
(22, 761)
(138, 582)
(97, 791)
(261, 899)
(6, 538)
(336, 929)
(103, 727)
(168, 469)
(14, 649)
(310, 418)
(342, 865)
(272, 419)
(384, 480)
(31, 841)
(95, 615)
(73, 456)
(125, 503)
(16, 825)
(282, 706)
(334, 753)
(180, 933)
(312, 594)
(135, 790)
(332, 401)
(266, 483)
(11, 858)
(233, 980)
(277, 739)
(352, 769)
(119, 567)
(127, 678)
(280, 530)
(380, 864)
(291, 786)
(137, 966)
(269, 627)
(36, 425)
(381, 688)
(176, 405)
(289, 434)
(46, 713)
(5, 922)
(223, 516)
(320, 705)
(335, 577)
(387, 624)
(196, 773)
(285, 850)
(38, 601)
(86, 888)
(304, 482)
(94, 999)
(58, 408)
(360, 880)
(113, 631)
(322, 881)
(273, 979)
(144, 694)
(208, 468)
(212, 996)
(26, 729)
(78, 776)
(344, 657)
(129, 854)
(84, 712)
(43, 921)
(242, 740)
(204, 884)
(248, 643)
(15, 441)
(49, 681)
(118, 951)
(315, 562)
(182, 725)
(279, 914)
(90, 471)
(124, 887)
(63, 728)
(188, 661)
(55, 616)
(307, 450)
(311, 978)
(250, 819)
(17, 617)
(35, 665)
(283, 498)
(85, 504)
(373, 400)
(228, 836)
(369, 784)
(37, 985)
(234, 596)
(211, 612)
(382, 512)
(57, 792)
(93, 647)
(81, 920)
(323, 673)
(156, 950)
(309, 802)
(199, 741)
(128, 470)
(222, 724)
(375, 576)
(44, 745)
(274, 771)
(371, 960)
(110, 839)
(64, 552)
(116, 599)
(213, 788)
(293, 402)
(172, 997)
(349, 977)
(191, 629)
(288, 818)
(303, 690)
(321, 497)
(167, 677)
(314, 946)
(378, 720)
(89, 855)
(56, 440)
(257, 579)
(108, 487)
(23, 937)
(220, 548)
(317, 737)
(295, 578)
(207, 852)
(162, 710)
(29, 873)
(226, 484)
(170, 821)
(141, 934)
(185, 693)
(301, 514)
(361, 528)
(216, 964)
(260, 723)
(357, 912)
(102, 551)
(363, 848)
(205, 500)
(75, 808)
(297, 930)
(341, 689)
(325, 465)
