Graph is bipartite
Count of matching: 357
(217, 254)
(597, 636)
(340, 769)
(64, 560)
(141, 756)
(59, 291)
(69, 751)
(33, 438)
(118, 312)
(554, 911)
(236, 882)
(421, 784)
(343, 796)
(561, 925)
(250, 264)
(14, 563)
(5, 990)
(406, 642)
(245, 943)
(115, 322)
(704, 713)
(45, 910)
(98, 840)
(246, 909)
(315, 532)
(518, 748)
(150, 712)
(269, 901)
(660, 676)
(734, 924)
(138, 337)
(610, 628)
(127, 844)
(255, 869)
(56, 363)
(391, 669)
(507, 558)
(492, 605)
(368, 903)
(388, 517)
(84, 366)
(15, 244)
(24, 876)
(354, 475)
(82, 673)
(345, 891)
(481, 680)
(890, 983)
(775, 877)
(377, 717)
(60, 543)
(10, 55)
(12, 314)
(871, 978)
(237, 450)
(671, 791)
(755, 787)
(173, 285)
(29, 259)
(612, 741)
(65, 906)
(232, 865)
(137, 466)
(34, 378)
(614, 745)
(79, 134)
(321, 589)
(226, 888)
(695, 719)
(279, 982)
(18, 131)
(152, 496)
(105, 923)
(700, 705)
(434, 851)
(320, 859)
(837, 966)
(126, 963)
(103, 372)
(170, 624)
(579, 913)
(565, 613)
(548, 804)
(799, 813)
(119, 160)
(302, 919)
(122, 961)
(488, 622)
(231, 349)
(542, 873)
(352, 387)
(606, 732)
(238, 894)
(637, 899)
(747, 949)
(83, 794)
(376, 884)
(17, 144)
(228, 557)
(197, 739)
(153, 413)
(52, 986)
(570, 722)
(49, 578)
(383, 678)
(744, 984)
(53, 509)
(230, 647)
(169, 362)
(51, 61)
(273, 867)
(260, 993)
(161, 327)
(16, 711)
(510, 709)
(107, 414)
(89, 249)
(216, 318)
(295, 977)
(286, 928)
(133, 835)
(477, 706)
(358, 972)
(71, 878)
(328, 831)
(937, 974)
(277, 392)
(205, 814)
(220, 501)
(409, 473)
(46, 817)
(0, 710)
(729, 941)
(30, 316)
(626, 971)
(655, 666)
(516, 590)
(419, 440)
(431, 638)
(44, 752)
(304, 442)
(765, 889)
(407, 525)
(62, 100)
(437, 544)
(67, 649)
(527, 768)
(581, 914)
(218, 630)
(47, 757)
(644, 681)
(393, 595)
(252, 836)
(3, 494)
(420, 684)
(253, 691)
(664, 829)
(281, 771)
(308, 645)
(239, 275)
(233, 480)
(290, 733)
(603, 952)
(162, 465)
(802, 839)
(572, 800)
(847, 931)
(240, 905)
(738, 761)
(94, 293)
(68, 461)
(171, 900)
(892, 956)
(808, 944)
(11, 789)
(159, 553)
(361, 898)
(175, 497)
(97, 677)
(234, 373)
(385, 737)
(168, 812)
(87, 514)
(482, 945)
(157, 758)
(166, 740)
(140, 607)
(296, 382)
(620, 916)
(114, 499)
(109, 915)
(674, 696)
(187, 940)
(329, 723)
(155, 177)
(165, 428)
(364, 399)
(370, 964)
(135, 185)
(142, 998)
(283, 425)
(146, 545)
(40, 298)
(538, 701)
(309, 599)
(192, 679)
(598, 783)
(274, 462)
(332, 616)
(278, 602)
(222, 988)
(683, 781)
(493, 774)
(242, 760)
(21, 824)
(330, 912)
(675, 939)
(149, 582)
(511, 759)
(369, 832)
(562, 918)
(833, 872)
(365, 489)
(357, 467)
(271, 720)
(37, 359)
(41, 116)
(591, 819)
(506, 693)
(78, 263)
(102, 380)
(63, 947)
(75, 381)
(567, 746)
(143, 417)
(130, 588)
(251, 454)
(201, 880)
(7, 93)
(306, 522)
(344, 537)
(592, 886)
(793, 857)
(72, 862)
(13, 959)
(470, 643)
(207, 920)
(188, 685)
(531, 651)
(287, 663)
(355, 456)
(443, 897)
(225, 688)
(145, 469)
(633, 687)
(405, 594)
(762, 883)
(99, 524)
(178, 608)
(124, 200)
(229, 573)
(26, 999)
(48, 776)
(212, 875)
(699, 715)
(191, 779)
(123, 635)
(587, 788)
(333, 490)
(946, 973)
(224, 815)
(394, 478)
(686, 766)
(92, 958)
(515, 803)
(444, 786)
(289, 541)
(35, 652)
(463, 879)
(386, 995)
(427, 767)
(697, 885)
(270, 667)
(735, 785)
(36, 91)
(495, 508)
(390, 848)
(288, 992)
(198, 577)
(439, 917)
(528, 792)
(305, 526)
(351, 404)
(163, 395)
(66, 491)
(139, 430)
(206, 584)
(267, 936)
(422, 749)
(334, 418)
(19, 433)
(339, 736)
(300, 797)
(384, 540)
(243, 424)
(459, 979)
(410, 453)
(821, 904)
(471, 816)
(25, 714)
(307, 948)
(6, 194)
(210, 777)
(27, 665)
(2, 58)
(184, 743)
(74, 346)
(20, 331)
(436, 460)
(112, 172)
(221, 401)
(8, 922)
(336, 750)
(564, 731)
(338, 656)
(550, 985)
(458, 502)
(325, 476)
(186, 215)
(342, 648)
(485, 968)
(634, 772)
(88, 258)
(196, 960)
(235, 773)
(203, 261)
(211, 724)
(54, 241)
(536, 707)
(284, 299)
(280, 823)
(183, 770)
(468, 822)
(375, 970)
(147, 483)
(396, 585)
(416, 447)
(435, 446)
(479, 539)
(484, 609)
(513, 596)
(523, 529)
(533, 552)
(600, 617)
(604, 618)
(827, 997)
(861, 981)
