Graph is bipartite
Count of matching: 444
(689, 887)
(75, 306)
(373, 472)
(158, 186)
(353, 537)
(125, 674)
(414, 493)
(346, 642)
(295, 334)
(929, 971)
(122, 506)
(44, 702)
(893, 905)
(582, 616)
(298, 785)
(468, 640)
(425, 809)
(854, 913)
(617, 759)
(575, 842)
(421, 489)
(87, 368)
(431, 577)
(310, 978)
(483, 886)
(193, 278)
(612, 989)
(179, 203)
(227, 536)
(562, 853)
(488, 761)
(234, 432)
(294, 464)
(331, 602)
(462, 942)
(207, 325)
(552, 774)
(378, 561)
(176, 594)
(85, 765)
(898, 949)
(512, 717)
(172, 458)
(130, 752)
(270, 486)
(637, 657)
(330, 799)
(328, 814)
(252, 688)
(110, 247)
(514, 596)
(364, 756)
(131, 333)
(246, 401)
(103, 573)
(121, 919)
(550, 812)
(638, 934)
(92, 220)
(508, 873)
(436, 515)
(878, 894)
(430, 918)
(546, 927)
(123, 228)
(216, 863)
(439, 810)
(118, 736)
(800, 950)
(262, 383)
(219, 764)
(243, 623)
(743, 916)
(293, 633)
(554, 982)
(275, 963)
(266, 595)
(419, 663)
(457, 754)
(388, 745)
(840, 940)
(423, 693)
(494, 744)
(413, 667)
(31, 381)
(376, 883)
(177, 502)
(710, 711)
(719, 951)
(442, 958)
(58, 255)
(384, 444)
(65, 947)
(245, 705)
(456, 461)
(112, 380)
(586, 802)
(20, 367)
(42, 985)
(459, 935)
(321, 513)
(501, 505)
(540, 585)
(615, 961)
(347, 782)
(324, 605)
(41, 818)
(73, 95)
(194, 531)
(72, 954)
(79, 524)
(180, 544)
(287, 924)
(174, 836)
(326, 634)
(399, 578)
(46, 338)
(57, 931)
(391, 848)
(709, 962)
(105, 500)
(226, 965)
(5, 222)
(10, 443)
(438, 977)
(209, 603)
(47, 205)
(88, 410)
(580, 733)
(768, 983)
(614, 933)
(97, 113)
(184, 783)
(362, 516)
(749, 778)
(2, 670)
(607, 629)
(104, 165)
(35, 452)
(231, 463)
(415, 708)
(669, 981)
(753, 822)
(323, 591)
(195, 292)
(204, 543)
(393, 651)
(56, 874)
(258, 845)
(289, 312)
(521, 948)
(523, 583)
(240, 796)
(377, 666)
(641, 729)
(166, 772)
(661, 945)
(713, 763)
(871, 994)
(541, 647)
(375, 862)
(49, 63)
(593, 941)
(498, 932)
(658, 921)
(69, 478)
(53, 395)
(363, 686)
(726, 972)
(155, 742)
(249, 349)
(351, 644)
(156, 786)
(135, 795)
(38, 885)
(106, 191)
(285, 673)
(263, 387)
(454, 679)
(40, 687)
(337, 345)
(183, 995)
(169, 608)
(134, 696)
(816, 855)
(114, 499)
(770, 875)
(109, 868)
(592, 683)
(828, 991)
(446, 903)
(70, 279)
(821, 831)
(355, 474)
(164, 433)
(473, 865)
(132, 403)
(244, 681)
(211, 465)
(149, 490)
(830, 938)
(313, 406)
(34, 280)
(27, 402)
(272, 297)
(168, 724)
(152, 379)
(588, 811)
(565, 968)
(256, 737)
(189, 284)
(639, 798)
(139, 161)
(25, 869)
(589, 892)
(82, 229)
(102, 535)
(455, 839)
(716, 843)
(790, 805)
(652, 715)
(339, 879)
(94, 389)
(115, 190)
(390, 448)
(50, 731)
(405, 703)
(99, 779)
(311, 659)
(213, 734)
(100, 791)
(497, 890)
(108, 343)
(350, 507)
(510, 900)
(838, 980)
(450, 538)
(527, 850)
(609, 748)
(238, 832)
(136, 308)
(712, 833)
(348, 475)
(98, 937)
(271, 627)
(101, 277)
(208, 269)
(479, 912)
(699, 910)
(532, 747)
(223, 408)
(151, 808)
(467, 943)
(119, 137)
(409, 645)
(90, 171)
(16, 235)
(288, 530)
(21, 71)
(895, 956)
(477, 906)
(162, 317)
(268, 960)
(509, 676)
(18, 143)
(170, 914)
(299, 332)
(127, 684)
(484, 851)
(626, 996)
(382, 574)
(344, 449)
(420, 447)
(358, 923)
(74, 970)
(81, 829)
(233, 665)
(37, 967)
(107, 441)
(704, 975)
(622, 784)
(655, 701)
(66, 248)
(178, 526)
(491, 876)
(429, 901)
(59, 396)
(17, 587)
(755, 922)
(218, 281)
(291, 944)
(864, 988)
(28, 757)
(426, 549)
(282, 567)
(621, 824)
(206, 780)
(45, 685)
(662, 823)
(877, 880)
(60, 392)
(201, 606)
(418, 613)
(111, 307)
(727, 897)
(576, 735)
(251, 881)
(210, 416)
(834, 936)
(628, 849)
(182, 601)
(889, 899)
(374, 581)
(116, 930)
(62, 959)
(188, 528)
(23, 495)
(428, 787)
(394, 751)
(301, 859)
(202, 700)
(542, 974)
(3, 762)
(221, 660)
(303, 411)
(80, 801)
(564, 680)
(314, 445)
(412, 819)
(569, 758)
(224, 908)
(91, 969)
(8, 124)
(43, 354)
(157, 677)
(78, 386)
(12, 568)
(64, 140)
(173, 365)
(296, 357)
(148, 997)
(187, 984)
(545, 739)
(584, 999)
(200, 636)
(76, 847)
(424, 654)
(481, 998)
(492, 781)
(336, 398)
(36, 496)
(437, 611)
(648, 857)
(232, 618)
(160, 551)
(129, 309)
(196, 714)
(341, 979)
(9, 534)
(548, 572)
(646, 815)
(522, 529)
(126, 469)
(276, 570)
(453, 694)
(480, 904)
(1, 385)
(300, 882)
(264, 525)
(720, 896)
(225, 740)
(671, 867)
(141, 598)
(11, 723)
(175, 653)
(566, 844)
(250, 852)
(482, 858)
(259, 986)
(128, 407)
(230, 352)
(24, 68)
(359, 600)
(695, 911)
(706, 907)
(417, 470)
(302, 632)
(286, 624)
(563, 771)
(434, 797)
(257, 597)
(52, 707)
(322, 794)
(533, 766)
(741, 804)
(265, 335)
(318, 487)
(604, 678)
(198, 668)
(340, 599)
(519, 939)
(769, 917)
(93, 826)
(732, 952)
(559, 813)
(691, 953)
(773, 993)
(777, 987)
(630, 909)
(372, 556)
(215, 698)
(167, 807)
(404, 750)
(427, 635)
(553, 860)
(260, 973)
(239, 682)
(440, 672)
(32, 261)
(241, 746)
(283, 721)
(620, 928)
(643, 664)
(517, 870)
(650, 992)
(212, 397)
(356, 619)
(451, 466)
(460, 511)
(539, 590)
(558, 610)
(690, 856)
(718, 966)
(738, 827)
(767, 891)
(776, 803)
(792, 793)
(820, 925)
(835, 846)
(841, 915)
(861, 946)
(866, 990)
(888, 926)
(920, 957)
