Bridges:
Cut vertices:
[864, 198, 142, 335, 560, 755, 859]
Biconnected components:
[160, 864]
[560, 739]
[204, 755]
[27, 335]
[93, 198]
[859, 957]
[142, 173]
[246, 903, 567, 43, 98, 908, 382, 506, 497, 845, 978, 948, 988, 518, 701, 47, 725, 101, 168, 706, 414, 673, 785, 731, 214, 566, 477, 595, 116, 583, 301, 516, 399, 658, 868, 218, 878, 896, 251, 780, 861, 859, 886, 372, 96, 329, 433, 522, 454, 1, 487, 993, 247, 305, 985, 832, 806, 825, 628, 721, 11, 201, 91, 500, 389, 408, 82, 195, 557, 390, 705, 765, 249, 754, 949, 231, 899, 561, 440, 385, 867, 971, 917, 237, 623, 234, 406, 747, 398, 550, 340, 777, 930, 503, 803, 304, 994, 544, 302, 446, 491, 684, 67, 929, 44, 182, 112, 255, 397, 517, 243, 104, 217, 728, 877, 735, 767, 464, 493, 225, 791, 616, 368, 898, 41, 376, 261, 197, 232, 855, 852, 291, 642, 300, 990, 127, 662, 4, 654, 102, 959, 556, 619, 111, 34, 268, 636, 843, 569, 165, 349, 613, 887, 114, 537, 78, 501, 534, 163, 523, 316, 325, 130, 773, 752, 922, 986, 49, 600, 779, 602, 272, 653, 599, 726, 771, 982, 260, 918, 402, 581, 326, 135, 318, 467, 888, 125, 437, 611, 827, 211, 656, 375, 121, 209, 505, 110, 519, 274, 543, 358, 240, 940, 335, 235, 258, 412, 463, 379, 801, 799, 615, 286, 347, 782, 938, 584, 954, 483, 696, 103, 456, 321, 807, 828, 71, 221, 824, 327, 222, 800, 485, 941, 967, 736, 36, 38, 669, 140, 798, 992, 133, 700, 630, 8, 448, 643, 307, 819, 401, 874, 999, 966, 24, 472, 468, 494, 864, 689, 17, 486, 531, 157, 947, 920, 90, 253, 449, 688, 6, 598, 248, 445, 838, 977, 805, 100, 419, 594, 834, 694, 106, 264, 447, 958, 897, 425, 223, 384, 667, 142, 310, 626, 199, 970, 56, 171, 312, 3, 109, 699, 396, 113, 361, 995, 351, 548, 40, 650, 645, 893, 48, 810, 560, 546, 148, 749, 850, 526, 889, 564, 421, 343, 60, 622, 288, 644, 267, 158, 462, 833, 520, 308, 238, 250, 763, 604, 297, 415, 660, 74, 965, 666, 647, 575, 755, 450, 338, 474, 484, 687, 466, 129, 153, 962, 538, 65, 606, 951, 284, 572, 439, 86, 605, 233, 871, 72, 422, 714, 683, 578, 156, 164, 293, 79, 571, 476, 45, 944, 366, 682, 15, 817, 764, 353, 910, 26, 137, 507, 339, 632, 323, 961, 144, 263, 73, 262, 559, 54, 226, 169, 748, 230, 533, 894, 159, 359, 383, 194, 960, 458, 371, 826, 509, 139, 713, 637, 529, 88, 891, 279, 691, 81, 607, 32, 198, 131, 514, 968, 219, 337, 420, 919, 55, 57, 490, 220, 315, 309, 13, 348, 846, 586, 395, 9, 685, 942, 876, 829, 147, 14, 991, 21, 708, 92, 729, 215, 190, 711, 0, 633, 730, 890, 573, 648, 678, 528, 821, 145, 768, 865, 914, 900, 851, 860, 580, 296, 945, 120, 155, 177, 346, 424, 761, 646, 277, 423, 704, 591, 356, 80, 299, 417, 298, 495, 734, 686, 717, 317, 671, 588, 813, 404, 409, 742, 530, 224, 407, 322, 175, 259, 844, 295, 629, 202, 539, 680, 674, 614, 724, 480, 869, 582, 196, 53, 737, 143, 68, 618, 282, 83, 524, 10, 141, 181, 797, 350, 313, 254, 841, 77, 816, 786, 216, 278, 624, 664, 795, 489, 459, 185, 31, 984, 275, 625, 95, 921, 362, 152, 360, 271, 428, 603, 895, 652, 257, 39, 715, 12, 85, 287, 872, 884, 174, 510, 540, 621, 75, 934, 885, 592, 378, 964, 354, 733, 239, 608, 170, 453, 502, 563, 227, 972, 617, 525, 515, 452, 117, 69, 242, 641, 597, 183, 342, 784, 527, 386, 753, 334, 187, 161, 149, 634, 720, 280, 393, 549, 883, 314, 324, 126, 469, 635, 150, 609, 587, 62, 902, 22, 818, 857, 775, 796, 820, 89, 808, 269, 132, 99, 766, 364, 283, 638, 431, 87, 783, 203, 496, 856, 64, 331, 266, 562, 151, 709, 792, 208, 207, 123, 205, 579, 553, 904, 804, 410, 837, 976, 924, 981, 750, 498, 344, 180, 946, 206, 189, 29, 907, 781, 138, 191, 997, 363, 276, 146, 802, 30, 793, 727, 695, 244, 627, 154, 702, 601, 939, 998, 512, 228, 273, 751, 391, 426, 659, 461, 809, 367, 554, 200, 639, 719, 76, 987, 927, 668, 830, 336, 790, 589, 2, 478, 835, 690, 473, 811, 983, 444, 542, 134, 923, 980, 387, 677, 119, 405, 118, 756, 723, 757, 352, 732, 58, 306, 212, 265, 849, 866, 294, 193, 46, 403, 901, 179, 932, 128, 369, 311, 812, 612, 192, 823, 357, 703, 815, 51, 66, 596, 42, 471, 430, 712, 28, 229, 435, 760, 943, 585, 593, 18, 33, 577, 839, 479, 925, 909, 744, 370, 442, 373, 879, 758, 915, 863, 875, 380, 84, 741, 892, 610, 535, 568, 37, 319, 52, 20, 115, 675, 847, 670, 443, 457, 400, 451, 774, 97, 438, 952, 320, 488, 7, 236, 330, 882, 746, 292, 341, 345, 853, 551, 552, 504, 590, 270, 905, 836, 499, 788, 16, 880, 413, 162, 184, 19, 25, 94, 355, 937, 441, 679, 513, 655, 840, 842, 649, 743, 392, 23, 365, 511, 416, 167, 707, 289, 989, 759, 136, 693, 854, 61, 122, 973, 718, 814, 831, 862, 124, 482, 492, 906, 377, 547, 290, 241, 672, 794, 657, 460, 328, 996, 107, 210, 665, 188, 429, 521, 681, 508, 661, 565, 59, 381, 778, 481, 427, 105, 738, 692, 475, 303, 745, 470, 881, 776, 963, 956, 935, 950, 770, 913, 558, 285, 873, 178, 574, 252, 536, 916, 769, 928, 936, 394, 858, 651, 697, 455, 434, 555, 933, 974, 912, 333, 281, 576, 716, 870, 374, 698, 911, 50, 432, 676, 532, 256, 35, 663, 172, 245, 176, 848, 545, 762, 108, 186, 332, 620, 931, 436, 541, 787, 789, 465, 955, 979, 388, 5, 631, 166, 772, 570, 975, 722, 418, 969, 926, 740, 70, 640, 411, 953, 822, 710, 213]
[63]
Connected components:
[0, 1, 2, 3, 4, 5, 6, 7, 8, 9, 10, 11, 12, 13, 14, 15, 16, 17, 18, 19, 20, 21, 22, 23, 24, 25, 26, 27, 28, 29, 30, 31, 32, 33, 34, 35, 36, 37, 38, 39, 40, 41, 42, 43, 44, 45, 46, 47, 48, 49, 50, 51, 52, 53, 54, 55, 56, 57, 58, 59, 60, 61, 62, 64, 65, 66, 67, 68, 69, 70, 71, 72, 73, 74, 75, 76, 77, 78, 79, 80, 81, 82, 83, 84, 85, 86, 87, 88, 89, 90, 91, 92, 93, 94, 95, 96, 97, 98, 99, 100, 101, 102, 103, 104, 105, 106, 107, 108, 109, 110, 111, 112, 113, 114, 115, 116, 117, 118, 119, 120, 121, 122, 123, 124, 125, 126, 127, 128, 129, 130, 131, 132, 133, 134, 135, 136, 137, 138, 139, 140, 141, 142, 143, 144, 145, 146, 147, 148, 149, 150, 151, 152, 153, 154, 155, 156, 157, 158, 159, 160, 161, 162, 163, 164, 165, 166, 167, 168, 169, 170, 171, 172, 173, 174, 175, 176, 177, 178, 179, 180, 181, 182, 183, 184, 185, 186, 187, 188, 189, 190, 191, 192, 193, 194, 195, 196, 197, 198, 199, 200, 201, 202, 203, 204, 205, 206, 207, 208, 209, 210, 211, 212, 213, 214, 215, 216, 217, 218, 219, 220, 221, 222, 223, 224, 225, 226, 227, 228, 229, 230, 231, 232, 233, 234, 235, 236, 237, 238, 239, 240, 241, 242, 243, 244, 245, 246, 247, 248, 249, 250, 251, 252, 253, 254, 255, 256, 257, 258, 259, 260, 261, 262, 263, 264, 265, 266, 267, 268, 269, 270, 271, 272, 273, 274, 275, 276, 277, 278, 279, 280, 281, 282, 283, 284, 285, 286, 287, 288, 289, 290, 291, 292, 293, 294, 295, 296, 297, 298, 299, 300, 301, 302, 303, 304, 305, 306, 307, 308, 309, 310, 311, 312, 313, 314, 315, 316, 317, 318, 319, 320, 321, 322, 323, 324, 325, 326, 327, 328, 329, 330, 331, 332, 333, 334, 335, 336, 337, 338, 339, 340, 341, 342, 343, 344, 345, 346, 347, 348, 349, 350, 351, 352, 353, 354, 355, 356, 357, 358, 359, 360, 361, 362, 363, 364, 365, 366, 367, 368, 369, 370, 371, 372, 373, 374, 375, 376, 377, 378, 379, 380, 381, 382, 383, 384, 385, 386, 387, 388, 389, 390, 391, 392, 393, 394, 395, 396, 397, 398, 399, 400, 401, 402, 403, 404, 405, 406, 407, 408, 409, 410, 411, 412, 413, 414, 415, 416, 417, 418, 419, 420, 421, 422, 423, 424, 425, 426, 427, 428, 429, 430, 431, 432, 433, 434, 435, 436, 437, 438, 439, 440, 441, 442, 443, 444, 445, 446, 447, 448, 449, 450, 451, 452, 453, 454, 455, 456, 457, 458, 459, 460, 461, 462, 463, 464, 465, 466, 467, 468, 469, 470, 471, 472, 473, 474, 475, 476, 477, 478, 479, 480, 481, 482, 483, 484, 485, 486, 487, 488, 489, 490, 491, 492, 493, 494, 495, 496, 497, 498, 499, 500, 501, 502, 503, 504, 505, 506, 507, 508, 509, 510, 511, 512, 513, 514, 515, 516, 517, 518, 519, 520, 521, 522, 523, 524, 525, 526, 527, 528, 529, 530, 531, 532, 533, 534, 535, 536, 537, 538, 539, 540, 541, 542, 543, 544, 545, 546, 547, 548, 549, 550, 551, 552, 553, 554, 555, 556, 557, 558, 559, 560, 561, 562, 563, 564, 565, 566, 567, 568, 569, 570, 571, 572, 573, 574, 575, 576, 577, 578, 579, 580, 581, 582, 583, 584, 585, 586, 587, 588, 589, 590, 591, 592, 593, 594, 595, 596, 597, 598, 599, 600, 601, 602, 603, 604, 605, 606, 607, 608, 609, 610, 611, 612, 613, 614, 615, 616, 617, 618, 619, 620, 621, 622, 623, 624, 625, 626, 627, 628, 629, 630, 631, 632, 633, 634, 635, 636, 637, 638, 639, 640, 641, 642, 643, 644, 645, 646, 647, 648, 649, 650, 651, 652, 653, 654, 655, 656, 657, 658, 659, 660, 661, 662, 663, 664, 665, 666, 667, 668, 669, 670, 671, 672, 673, 674, 675, 676, 677, 678, 679, 680, 681, 682, 683, 684, 685, 686, 687, 688, 689, 690, 691, 692, 693, 694, 695, 696, 697, 698, 699, 700, 701, 702, 703, 704, 705, 706, 707, 708, 709, 710, 711, 712, 713, 714, 715, 716, 717, 718, 719, 720, 721, 722, 723, 724, 725, 726, 727, 728, 729, 730, 731, 732, 733, 734, 735, 736, 737, 738, 739, 740, 741, 742, 743, 744, 745, 746, 747, 748, 749, 750, 751, 752, 753, 754, 755, 756, 757, 758, 759, 760, 761, 762, 763, 764, 765, 766, 767, 768, 769, 770, 771, 772, 773, 774, 775, 776, 777, 778, 779, 780, 781, 782, 783, 784, 785, 786, 787, 788, 789, 790, 791, 792, 793, 794, 795, 796, 797, 798, 799, 800, 801, 802, 803, 804, 805, 806, 807, 808, 809, 810, 811, 812, 813, 814, 815, 816, 817, 818, 819, 820, 821, 822, 823, 824, 825, 826, 827, 828, 829, 830, 831, 832, 833, 834, 835, 836, 837, 838, 839, 840, 841, 842, 843, 844, 845, 846, 847, 848, 849, 850, 851, 852, 853, 854, 855, 856, 857, 858, 859, 860, 861, 862, 863, 864, 865, 866, 867, 868, 869, 870, 871, 872, 873, 874, 875, 876, 877, 878, 879, 880, 881, 882, 883, 884, 885, 886, 887, 888, 889, 890, 891, 892, 893, 894, 895, 896, 897, 898, 899, 900, 901, 902, 903, 904, 905, 906, 907, 908, 909, 910, 911, 912, 913, 914, 915, 916, 917, 918, 919, 920, 921, 922, 923, 924, 925, 926, 927, 928, 929, 930, 931, 932, 933, 934, 935, 936, 937, 938, 939, 940, 941, 942, 943, 944, 945, 946, 947, 948, 949, 950, 951, 952, 953, 954, 955, 956, 957, 958, 959, 960, 961, 962, 963, 964, 965, 966, 967, 968, 969, 970, 971, 972, 973, 974, 975, 976, 977, 978, 979, 980, 981, 982, 983, 984, 985, 986, 987, 988, 989, 990, 991, 992, 993, 994, 995, 996, 997, 998, 999]
[63]
