Bridges:
(264, 794)
(510, 520)
Cut vertices:
[264, 510]
Biconnected components:
[264, 794]
[510, 520]
[0, 272, 848, 560, 209, 866, 194, 402, 563, 803, 435, 84, 181, 165, 789, 246, 134, 646, 887, 727, 231, 999, 823, 152, 664, 232, 824, 88, 89, 698, 586, 508, 524, 764, 588, 941, 478, 158, 958, 766, 831, 495, 1, 400, 449, 97, 721, 565, 297, 457, 585, 395, 219, 796, 94, 447, 511, 79, 2, 352, 881, 754, 786, 467, 452, 692, 773, 486, 438, 24, 41, 377, 617, 714, 394, 923, 843, 555, 445, 765, 270, 606, 734, 687, 47, 3, 240, 448, 128, 192, 497, 705, 818, 259, 420, 996, 725, 933, 886, 966, 391, 247, 537, 217, 649, 459, 620, 76, 685, 125, 863, 351, 4, 32, 98, 67, 195, 740, 564, 804, 260, 469, 806, 39, 967, 647, 360, 744, 792, 425, 233, 954, 762, 123, 667, 139, 46, 959, 5, 704, 81, 642, 498, 914, 163, 403, 148, 918, 22, 40, 552, 809, 201, 989, 414, 207, 6, 64, 576, 545, 35, 164, 359, 504, 665, 731, 236, 285, 7, 96, 337, 737, 291, 532, 548, 468, 533, 406, 230, 167, 791, 424, 104, 601, 345, 937, 298, 12, 397, 349, 894, 366, 350, 31, 799, 639, 8, 480, 322, 419, 981, 935, 841, 858, 42, 686, 558, 9, 384, 800, 896, 672, 176, 193, 401, 658, 915, 899, 371, 934, 423, 455, 680, 600, 312, 440, 313, 697, 778, 810, 859, 411, 92, 332, 220, 108, 940, 412, 653, 605, 877, 141, 14, 782, 142, 655, 479, 879, 943, 10, 329, 170, 635, 845, 334, 591, 11, 464, 945, 769, 242, 690, 338, 691, 755, 19, 851, 68, 900, 340, 21, 645, 118, 280, 793, 186, 874, 155, 251, 156, 221, 637, 159, 752, 946, 325, 133, 261, 857, 361, 57, 506, 490, 346, 795, 396, 284, 157, 815, 13, 976, 784, 929, 978, 34, 802, 659, 339, 20, 213, 310, 166, 678, 775, 632, 872, 56, 889, 409, 90, 74, 26, 299, 60, 444, 477, 542, 767, 774, 154, 202, 267, 942, 175, 15, 161, 274, 627, 963, 38, 503, 936, 760, 505, 873, 797, 381, 29, 623, 16, 49, 114, 243, 515, 484, 951, 570, 891, 571, 28, 93, 541, 77, 317, 254, 318, 17, 748, 302, 18, 624, 608, 753, 257, 562, 386, 275, 628, 116, 53, 454, 71, 521, 410, 817, 735, 860, 124, 23, 835, 950, 263, 25, 416, 160, 129, 210, 482, 596, 868, 788, 358, 902, 535, 983, 920, 890, 458, 699, 235, 59, 716, 909, 622, 27, 880, 625, 433, 179, 387, 451, 308, 965, 502, 710, 614, 696, 362, 747, 171, 812, 733, 398, 382, 927, 559, 561, 593, 211, 709, 102, 583, 536, 266, 554, 988, 333, 126, 303, 30, 836, 917, 37, 341, 711, 631, 871, 551, 878, 258, 550, 135, 746, 970, 892, 204, 33, 594, 82, 723, 149, 245, 214, 633, 331, 189, 669, 238, 415, 36, 513, 306, 930, 530, 356, 150, 70, 840, 681, 938, 652, 604, 492, 861, 654, 78, 910, 255, 463, 111, 629, 613, 853, 198, 215, 855, 153, 921, 538, 426, 700, 509, 717, 191, 383, 115, 811, 867, 995, 884, 55, 248, 121, 137, 925, 190, 174, 751, 43, 304, 80, 305, 913, 66, 994, 434, 980, 997, 694, 726, 839, 343, 984, 968, 602, 523, 957, 44, 256, 385, 674, 355, 407, 745, 442, 253, 973, 798, 286, 335, 783, 607, 319, 143, 45, 832, 544, 722, 611, 324, 708, 470, 808, 136, 904, 376, 91, 75, 587, 575, 48, 199, 496, 882, 229, 437, 278, 473, 650, 282, 540, 636, 140, 368, 736, 301, 50, 641, 849, 212, 182, 54, 854, 327, 728, 265, 618, 222, 51, 898, 196, 852, 837, 869, 183, 682, 365, 430, 52, 369, 947, 883, 405, 73, 330, 828, 476, 908, 367, 372, 757, 218, 820, 822, 974, 944, 388, 443, 363, 844, 781, 58, 992, 833, 689, 785, 145, 739, 643, 83, 244, 132, 932, 741, 421, 662, 107, 188, 732, 556, 573, 718, 719, 224, 834, 819, 472, 413, 61, 112, 62, 897, 290, 227, 531, 724, 612, 436, 517, 262, 856, 296, 120, 952, 168, 825, 634, 106, 827, 651, 539, 955, 862, 638, 63, 65, 273, 289, 370, 466, 101, 759, 569, 475, 268, 460, 127, 527, 208, 69, 432, 962, 787, 566, 109, 205, 446, 95, 847, 668, 703, 404, 758, 663, 72, 294, 702, 323, 916, 518, 807, 615, 749, 657, 481, 850, 595, 483, 644, 117, 870, 119, 392, 713, 780, 110, 582, 926, 670, 574, 931, 956, 770, 491, 750, 911, 85, 465, 529, 738, 998, 519, 875, 763, 86, 720, 226, 771, 675, 885, 103, 568, 553, 347, 971, 316, 829, 991, 431, 87, 688, 288, 178, 162, 228, 389, 901, 534, 695, 666, 876, 813, 525, 557, 990, 975, 239, 223, 206, 590, 522, 626, 131, 269, 589, 450, 510, 960, 147, 676, 373, 197, 630, 567, 487, 184, 953, 249, 281, 105, 729, 138, 507, 461, 462, 271, 928, 816, 146, 277, 216, 185, 169, 441, 972, 99, 579, 100, 528, 801, 673, 357, 949, 805, 821, 982, 730, 427, 379, 619, 924, 428, 172, 399, 177, 180, 328, 488, 364, 671, 374, 113, 130, 743, 777, 842, 603, 203, 237, 315, 679, 326, 252, 493, 609, 598, 393, 987, 122, 546, 293, 979, 648, 225, 838, 969, 826, 283, 907, 961, 977, 580, 429, 895, 864, 287, 707, 597, 471, 456, 939, 144, 151, 264, 543, 276, 311, 706, 439, 616, 846, 344, 905, 187, 348, 320, 584, 173, 336, 514, 578, 485, 549, 408, 814, 512, 342, 621, 526, 772, 422, 985, 572, 353, 200, 592, 321, 776, 761, 380, 610, 964, 677, 599, 354, 948, 742, 378, 499, 390, 241, 307, 234, 993, 919, 489, 250, 693, 314, 715, 417, 453, 903, 986, 701, 279, 656, 292, 865, 309, 375, 768, 295, 640, 912, 500, 790, 906, 684, 494, 300, 577, 516, 661, 474, 547, 660, 418, 683, 501, 756, 581, 888, 779, 893, 830, 712, 922]
Connected components:
[0, 1, 2, 3, 4, 5, 6, 7, 8, 9, 10, 11, 12, 13, 14, 15, 16, 17, 18, 19, 20, 21, 22, 23, 24, 25, 26, 27, 28, 29, 30, 31, 32, 33, 34, 35, 36, 37, 38, 39, 40, 41, 42, 43, 44, 45, 46, 47, 48, 49, 50, 51, 52, 53, 54, 55, 56, 57, 58, 59, 60, 61, 62, 63, 64, 65, 66, 67, 68, 69, 70, 71, 72, 73, 74, 75, 76, 77, 78, 79, 80, 81, 82, 83, 84, 85, 86, 87, 88, 89, 90, 91, 92, 93, 94, 95, 96, 97, 98, 99, 100, 101, 102, 103, 104, 105, 106, 107, 108, 109, 110, 111, 112, 113, 114, 115, 116, 117, 118, 119, 120, 121, 122, 123, 124, 125, 126, 127, 128, 129, 130, 131, 132, 133, 134, 135, 136, 137, 138, 139, 140, 141, 142, 143, 144, 145, 146, 147, 148, 149, 150, 151, 152, 153, 154, 155, 156, 157, 158, 159, 160, 161, 162, 163, 164, 165, 166, 167, 168, 169, 170, 171, 172, 173, 174, 175, 176, 177, 178, 179, 180, 181, 182, 183, 184, 185, 186, 187, 188, 189, 190, 191, 192, 193, 194, 195, 196, 197, 198, 199, 200, 201, 202, 203, 204, 205, 206, 207, 208, 209, 210, 211, 212, 213, 214, 215, 216, 217, 218, 219, 220, 221, 222, 223, 224, 225, 226, 227, 228, 229, 230, 231, 232, 233, 234, 235, 236, 237, 238, 239, 240, 241, 242, 243, 244, 245, 246, 247, 248, 249, 250, 251, 252, 253, 254, 255, 256, 257, 258, 259, 260, 261, 262, 263, 264, 265, 266, 267, 268, 269, 270, 271, 272, 273, 274, 275, 276, 277, 278, 279, 280, 281, 282, 283, 284, 285, 286, 287, 288, 289, 290, 291, 292, 293, 294, 295, 296, 297, 298, 299, 300, 301, 302, 303, 304, 305, 306, 307, 308, 309, 310, 311, 312, 313, 314, 315, 316, 317, 318, 319, 320, 321, 322, 323, 324, 325, 326, 327, 328, 329, 330, 331, 332, 333, 334, 335, 336, 337, 338, 339, 340, 341, 342, 343, 344, 345, 346, 347, 348, 349, 350, 351, 352, 353, 354, 355, 356, 357, 358, 359, 360, 361, 362, 363, 364, 365, 366, 367, 368, 369, 370, 371, 372, 373, 374, 375, 376, 377, 378, 379, 380, 381, 382, 383, 384, 385, 386, 387, 388, 389, 390, 391, 392, 393, 394, 395, 396, 397, 398, 399, 400, 401, 402, 403, 404, 405, 406, 407, 408, 409, 410, 411, 412, 413, 414, 415, 416, 417, 418, 419, 420, 421, 422, 423, 424, 425, 426, 427, 428, 429, 430, 431, 432, 433, 434, 435, 436, 437, 438, 439, 440, 441, 442, 443, 444, 445, 446, 447, 448, 449, 450, 451, 452, 453, 454, 455, 456, 457, 458, 459, 460, 461, 462, 463, 464, 465, 466, 467, 468, 469, 470, 471, 472, 473, 474, 475, 476, 477, 478, 479, 480, 481, 482, 483, 484, 485, 486, 487, 488, 489, 490, 491, 492, 493, 494, 495, 496, 497, 498, 499, 500, 501, 502, 503, 504, 505, 506, 507, 508, 509, 510, 511, 512, 513, 514, 515, 516, 517, 518, 519, 520, 521, 522, 523, 524, 525, 526, 527, 528, 529, 530, 531, 532, 533, 534, 535, 536, 537, 538, 539, 540, 541, 542, 543, 544, 545, 546, 547, 548, 549, 550, 551, 552, 553, 554, 555, 556, 557, 558, 559, 560, 561, 562, 563, 564, 565, 566, 567, 568, 569, 570, 571, 572, 573, 574, 575, 576, 577, 578, 579, 580, 581, 582, 583, 584, 585, 586, 587, 588, 589, 590, 591, 592, 593, 594, 595, 596, 597, 598, 599, 600, 601, 602, 603, 604, 605, 606, 607, 608, 609, 610, 611, 612, 613, 614, 615, 616, 617, 618, 619, 620, 621, 622, 623, 624, 625, 626, 627, 628, 629, 630, 631, 632, 633, 634, 635, 636, 637, 638, 639, 640, 641, 642, 643, 644, 645, 646, 647, 648, 649, 650, 651, 652, 653, 654, 655, 656, 657, 658, 659, 660, 661, 662, 663, 664, 665, 666, 667, 668, 669, 670, 671, 672, 673, 674, 675, 676, 677, 678, 679, 680, 681, 682, 683, 684, 685, 686, 687, 688, 689, 690, 691, 692, 693, 694, 695, 696, 697, 698, 699, 700, 701, 702, 703, 704, 705, 706, 707, 708, 709, 710, 711, 712, 713, 714, 715, 716, 717, 718, 719, 720, 721, 722, 723, 724, 725, 726, 727, 728, 729, 730, 731, 732, 733, 734, 735, 736, 737, 738, 739, 740, 741, 742, 743, 744, 745, 746, 747, 748, 749, 750, 751, 752, 753, 754, 755, 756, 757, 758, 759, 760, 761, 762, 763, 764, 765, 766, 767, 768, 769, 770, 771, 772, 773, 774, 775, 776, 777, 778, 779, 780, 781, 782, 783, 784, 785, 786, 787, 788, 789, 790, 791, 792, 793, 794, 795, 796, 797, 798, 799, 800, 801, 802, 803, 804, 805, 806, 807, 808, 809, 810, 811, 812, 813, 814, 815, 816, 817, 818, 819, 820, 821, 822, 823, 824, 825, 826, 827, 828, 829, 830, 831, 832, 833, 834, 835, 836, 837, 838, 839, 840, 841, 842, 843, 844, 845, 846, 847, 848, 849, 850, 851, 852, 853, 854, 855, 856, 857, 858, 859, 860, 861, 862, 863, 864, 865, 866, 867, 868, 869, 870, 871, 872, 873, 874, 875, 876, 877, 878, 879, 880, 881, 882, 883, 884, 885, 886, 887, 888, 889, 890, 891, 892, 893, 894, 895, 896, 897, 898, 899, 900, 901, 902, 903, 904, 905, 906, 907, 908, 909, 910, 911, 912, 913, 914, 915, 916, 917, 918, 919, 920, 921, 922, 923, 924, 925, 926, 927, 928, 929, 930, 931, 932, 933, 934, 935, 936, 937, 938, 939, 940, 941, 942, 943, 944, 945, 946, 947, 948, 949, 950, 951, 952, 953, 954, 955, 956, 957, 958, 959, 960, 961, 962, 963, 964, 965, 966, 967, 968, 969, 970, 971, 972, 973, 974, 975, 976, 977, 978, 979, 980, 981, 982, 983, 984, 985, 986, 987, 988, 989, 990, 991, 992, 993, 994, 995, 996, 997, 998, 999]
