Bridges:
Cut vertices:
[578, 484]
Biconnected components:
[402, 484]
[484, 960]
[484, 929]
[484, 916]
[484, 983]
[484, 571]
[484, 957]
[255, 578]
[280, 578]
[578, 945]
[0, 992, 496, 352, 209, 977, 193, 578, 739, 931, 180, 388, 964, 788, 852, 917, 741, 981, 725, 326, 839, 24, 824, 137, 825, 970, 331, 171, 411, 716, 572, 477, 301, 13, 109, 798, 446, 814, 142, 415, 559, 1, 866, 803, 291, 68, 676, 613, 821, 358, 982, 278, 438, 456, 648, 377, 266, 986, 378, 892, 621, 925, 813, 958, 734, 943, 2, 248, 3, 384, 208, 592, 976, 32, 416, 240, 624, 64, 448, 832, 272, 480, 304, 688, 128, 512, 896, 160, 544, 928, 368, 752, 192, 576, 16, 224, 608, 432, 640, 80, 464, 848, 288, 112, 320, 144, 560, 944, 561, 385, 769, 593, 33, 417, 65, 449, 833, 273, 657, 97, 481, 865, 305, 689, 129, 337, 369, 577, 785, 609, 49, 433, 817, 81, 465, 673, 113, 497, 881, 321, 529, 913, 737, 177, 738, 178, 562, 946, 386, 770, 210, 978, 34, 418, 242, 626, 834, 274, 658, 98, 306, 130, 338, 722, 370, 18, 786, 610, 994, 50, 434, 818, 258, 642, 82, 290, 498, 882, 706, 914, 354, 355, 563, 947, 387, 771, 211, 979, 243, 627, 451, 275, 99, 867, 307, 691, 131, 515, 339, 723, 547, 371, 755, 579, 963, 403, 787, 227, 995, 51, 83, 467, 851, 115, 883, 707, 356, 564, 948, 772, 596, 36, 420, 244, 628, 868, 308, 692, 132, 516, 340, 164, 548, 932, 372, 756, 580, 20, 404, 612, 996, 52, 436, 820, 260, 644, 468, 292, 884, 325, 709, 149, 533, 357, 565, 389, 37, 421, 245, 629, 69, 453, 277, 101, 485, 869, 693, 517, 901, 165, 549, 933, 197, 965, 21, 405, 229, 53, 469, 293, 117, 502, 886, 710, 150, 918, 742, 182, 566, 950, 214, 422, 630, 838, 662, 694, 902, 342, 726, 934, 374, 758, 198, 230, 998, 54, 822, 262, 470, 854, 294, 678, 119, 503, 327, 711, 151, 919, 359, 743, 183, 567, 951, 7, 391, 775, 215, 599, 423, 807, 71, 455, 663, 103, 487, 871, 695, 519, 903, 727, 167, 551, 935, 375, 199, 583, 967, 791, 615, 55, 439, 823, 263, 647, 87, 471, 855, 295, 856, 680, 504, 888, 712, 152, 920, 360, 744, 568, 392, 600, 40, 424, 632, 72, 840, 104, 488, 872, 312, 696, 136, 520, 904, 344, 728, 168, 552, 200, 584, 968, 408, 232, 616, 440, 264, 88, 89, 297, 681, 889, 713, 153, 537, 921, 361, 745, 569, 953, 9, 393, 777, 601, 985, 41, 809, 633, 73, 457, 841, 665, 105, 873, 313, 697, 345, 169, 937, 761, 201, 585, 969, 25, 793, 617, 649, 650, 90, 474, 858, 682, 122, 890, 154, 538, 922, 362, 746, 186, 570, 954, 218, 42, 810, 634, 282, 666, 106, 874, 698, 522, 730, 554, 938, 202, 26, 794, 618, 58, 442, 826, 651, 91, 475, 683, 507, 891, 715, 539, 363, 747, 955, 395, 779, 603, 987, 43, 427, 251, 75, 459, 843, 283, 107, 491, 875, 315, 699, 523, 907, 347, 939, 379, 763, 203, 27, 795, 235, 619, 59, 60, 444, 828, 268, 652, 92, 476, 300, 684, 124, 508, 156, 540, 364, 188, 956, 396, 220, 252, 76, 844, 284, 668, 492, 700, 732, 556, 940, 764, 204, 972, 28, 412, 796, 797, 237, 61, 445, 829, 269, 685, 509, 893, 717, 157, 541, 365, 749, 573, 397, 781, 221, 989, 45, 253, 637, 77, 845, 285, 493, 317, 701, 141, 525, 909, 349, 173, 557, 381, 205, 589, 973, 29, 62, 830, 270, 94, 302, 126, 510, 894, 334, 718, 542, 926, 14, 222, 606, 990, 46, 638, 78, 286, 670, 494, 702, 910, 174, 558, 766, 206, 590, 591, 975, 799, 239, 623, 63, 447, 271, 479, 303, 687, 511, 895, 335, 719, 543, 575, 959, 15, 399, 223, 607, 991, 47, 79, 463, 847, 111, 495, 319, 143, 527, 351, 175, 767, 4, 5, 6, 8, 768, 545, 17, 225, 146, 67, 980, 836, 116, 181, 837, 309, 373, 757, 581, 501, 806, 966, 679, 23, 216, 936, 376, 505, 409, 860, 12, 348, 93, 765, 478, 158, 254, 462, 31, 815, 10, 11, 48, 880, 736, 513, 161, 289, 594, 482, 194, 915, 595, 35, 19, 435, 804, 228, 773, 805, 341, 789, 534, 390, 598, 486, 518, 22, 614, 999, 328, 184, 808, 489, 394, 458, 490, 314, 170, 762, 586, 443, 971, 748, 780, 460, 316, 140, 172, 380, 333, 605, 669, 974, 190, 846, 110, 526, 942, 655, 336, 816, 528, 176, 721, 753, 993, 641, 353, 450, 466, 114, 659, 163, 611, 819, 643, 531, 276, 900, 774, 887, 631, 311, 135, 231, 664, 760, 792, 217, 281, 233, 57, 441, 74, 346, 234, 827, 667, 924, 428, 812, 876, 236, 653, 30, 414, 398, 430, 751, 720, 400, 256, 625, 897, 961, 401, 705, 690, 898, 546, 754, 962, 226, 850, 674, 322, 419, 835, 899, 323, 740, 660, 100, 724, 84, 324, 661, 645, 102, 134, 550, 86, 535, 247, 279, 952, 984, 56, 857, 329, 185, 425, 298, 506, 714, 602, 138, 267, 299, 123, 155, 219, 811, 139, 620, 604, 988, 636, 108, 524, 588, 125, 189, 461, 238, 622, 574, 318, 350, 207, 863, 127, 431, 639, 287, 703, 484, 265, 429, 877, 654, 195, 85, 38, 39, 44, 514, 582, 759, 905, 332, 878, 159, 66, 864, 704, 257, 148, 437, 187, 911, 70, 853, 870, 646, 95, 96, 800, 656, 784, 912, 241, 849, 532, 708, 213, 133, 261, 454, 310, 790, 343, 296, 120, 536, 776, 472, 121, 330, 778, 842, 859, 555, 941, 413, 686, 750, 782, 382, 367, 118, 553, 145, 147, 166, 672, 930, 530, 259, 212, 949, 677, 885, 521, 729, 906, 908, 733, 862, 783, 671, 179, 802, 675, 499, 597, 997, 249, 426, 635, 861, 927, 191, 250, 196, 246, 483, 452, 500, 406, 407, 473, 410, 923, 731, 587, 366, 831, 735, 383, 879, 801]
[162]
Connected components:
[0, 1, 2, 3, 4, 5, 6, 7, 8, 9, 10, 11, 12, 13, 14, 15, 16, 17, 18, 19, 20, 21, 22, 23, 24, 25, 26, 27, 28, 29, 30, 31, 32, 33, 34, 35, 36, 37, 38, 39, 40, 41, 42, 43, 44, 45, 46, 47, 48, 49, 50, 51, 52, 53, 54, 55, 56, 57, 58, 59, 60, 61, 62, 63, 64, 65, 66, 67, 68, 69, 70, 71, 72, 73, 74, 75, 76, 77, 78, 79, 80, 81, 82, 83, 84, 85, 86, 87, 88, 89, 90, 91, 92, 93, 94, 95, 96, 97, 98, 99, 100, 101, 102, 103, 104, 105, 106, 107, 108, 109, 110, 111, 112, 113, 114, 115, 116, 117, 118, 119, 120, 121, 122, 123, 124, 125, 126, 127, 128, 129, 130, 131, 132, 133, 134, 135, 136, 137, 138, 139, 140, 141, 142, 143, 144, 145, 146, 147, 148, 149, 150, 151, 152, 153, 154, 155, 156, 157, 158, 159, 160, 161, 163, 164, 165, 166, 167, 168, 169, 170, 171, 172, 173, 174, 175, 176, 177, 178, 179, 180, 181, 182, 183, 184, 185, 186, 187, 188, 189, 190, 191, 192, 193, 194, 195, 196, 197, 198, 199, 200, 201, 202, 203, 204, 205, 206, 207, 208, 209, 210, 211, 212, 213, 214, 215, 216, 217, 218, 219, 220, 221, 222, 223, 224, 225, 226, 227, 228, 229, 230, 231, 232, 233, 234, 235, 236, 237, 238, 239, 240, 241, 242, 243, 244, 245, 246, 247, 248, 249, 250, 251, 252, 253, 254, 255, 256, 257, 258, 259, 260, 261, 262, 263, 264, 265, 266, 267, 268, 269, 270, 271, 272, 273, 274, 275, 276, 277, 278, 279, 280, 281, 282, 283, 284, 285, 286, 287, 288, 289, 290, 291, 292, 293, 294, 295, 296, 297, 298, 299, 300, 301, 302, 303, 304, 305, 306, 307, 308, 309, 310, 311, 312, 313, 314, 315, 316, 317, 318, 319, 320, 321, 322, 323, 324, 325, 326, 327, 328, 329, 330, 331, 332, 333, 334, 335, 336, 337, 338, 339, 340, 341, 342, 343, 344, 345, 346, 347, 348, 349, 350, 351, 352, 353, 354, 355, 356, 357, 358, 359, 360, 361, 362, 363, 364, 365, 366, 367, 368, 369, 370, 371, 372, 373, 374, 375, 376, 377, 378, 379, 380, 381, 382, 383, 384, 385, 386, 387, 388, 389, 390, 391, 392, 393, 394, 395, 396, 397, 398, 399, 400, 401, 402, 403, 404, 405, 406, 407, 408, 409, 410, 411, 412, 413, 414, 415, 416, 417, 418, 419, 420, 421, 422, 423, 424, 425, 426, 427, 428, 429, 430, 431, 432, 433, 434, 435, 436, 437, 438, 439, 440, 441, 442, 443, 444, 445, 446, 447, 448, 449, 450, 451, 452, 453, 454, 455, 456, 457, 458, 459, 460, 461, 462, 463, 464, 465, 466, 467, 468, 469, 470, 471, 472, 473, 474, 475, 476, 477, 478, 479, 480, 481, 482, 483, 484, 485, 486, 487, 488, 489, 490, 491, 492, 493, 494, 495, 496, 497, 498, 499, 500, 501, 502, 503, 504, 505, 506, 507, 508, 509, 510, 511, 512, 513, 514, 515, 516, 517, 518, 519, 520, 521, 522, 523, 524, 525, 526, 527, 528, 529, 530, 531, 532, 533, 534, 535, 536, 537, 538, 539, 540, 541, 542, 543, 544, 545, 546, 547, 548, 549, 550, 551, 552, 553, 554, 555, 556, 557, 558, 559, 560, 561, 562, 563, 564, 565, 566, 567, 568, 569, 570, 571, 572, 573, 574, 575, 576, 577, 578, 579, 580, 581, 582, 583, 584, 585, 586, 587, 588, 589, 590, 591, 592, 593, 594, 595, 596, 597, 598, 599, 600, 601, 602, 603, 604, 605, 606, 607, 608, 609, 610, 611, 612, 613, 614, 615, 616, 617, 618, 619, 620, 621, 622, 623, 624, 625, 626, 627, 628, 629, 630, 631, 632, 633, 634, 635, 636, 637, 638, 639, 640, 641, 642, 643, 644, 645, 646, 647, 648, 649, 650, 651, 652, 653, 654, 655, 656, 657, 658, 659, 660, 661, 662, 663, 664, 665, 666, 667, 668, 669, 670, 671, 672, 673, 674, 675, 676, 677, 678, 679, 680, 681, 682, 683, 684, 685, 686, 687, 688, 689, 690, 691, 692, 693, 694, 695, 696, 697, 698, 699, 700, 701, 702, 703, 704, 705, 706, 707, 708, 709, 710, 711, 712, 713, 714, 715, 716, 717, 718, 719, 720, 721, 722, 723, 724, 725, 726, 727, 728, 729, 730, 731, 732, 733, 734, 735, 736, 737, 738, 739, 740, 741, 742, 743, 744, 745, 746, 747, 748, 749, 750, 751, 752, 753, 754, 755, 756, 757, 758, 759, 760, 761, 762, 763, 764, 765, 766, 767, 768, 769, 770, 771, 772, 773, 774, 775, 776, 777, 778, 779, 780, 781, 782, 783, 784, 785, 786, 787, 788, 789, 790, 791, 792, 793, 794, 795, 796, 797, 798, 799, 800, 801, 802, 803, 804, 805, 806, 807, 808, 809, 810, 811, 812, 813, 814, 815, 816, 817, 818, 819, 820, 821, 822, 823, 824, 825, 826, 827, 828, 829, 830, 831, 832, 833, 834, 835, 836, 837, 838, 839, 840, 841, 842, 843, 844, 845, 846, 847, 848, 849, 850, 851, 852, 853, 854, 855, 856, 857, 858, 859, 860, 861, 862, 863, 864, 865, 866, 867, 868, 869, 870, 871, 872, 873, 874, 875, 876, 877, 878, 879, 880, 881, 882, 883, 884, 885, 886, 887, 888, 889, 890, 891, 892, 893, 894, 895, 896, 897, 898, 899, 900, 901, 902, 903, 904, 905, 906, 907, 908, 909, 910, 911, 912, 913, 914, 915, 916, 917, 918, 919, 920, 921, 922, 923, 924, 925, 926, 927, 928, 929, 930, 931, 932, 933, 934, 935, 936, 937, 938, 939, 940, 941, 942, 943, 944, 945, 946, 947, 948, 949, 950, 951, 952, 953, 954, 955, 956, 957, 958, 959, 960, 961, 962, 963, 964, 965, 966, 967, 968, 969, 970, 971, 972, 973, 974, 975, 976, 977, 978, 979, 980, 981, 982, 983, 984, 985, 986, 987, 988, 989, 990, 991, 992, 993, 994, 995, 996, 997, 998, 999]
[162]
