Bridges:
Cut vertices:
[257, 259, 261, 265, 269, 271, 274, 279, 972, 286, 287, 292, 295, 296, 170, 171, 172, 300, 301, 944, 178, 179, 947, 949, 950, 952, 953, 954, 315, 191, 704, 321, 961, 963, 196, 197, 198, 328, 201, 204, 205, 334, 335, 208, 593, 973, 979, 84, 977, 726, 983, 89, 988, 992, 97, 98, 995, 996, 101, 883, 887, 249, 762, 253]
Biconnected components:
[0, 48, 80, 1, 65, 18, 19, 36, 52, 5, 37, 6, 7, 71, 8, 40, 9, 41, 57, 74, 58, 11, 75, 59, 28, 13, 45, 77, 14, 78, 31, 16, 17, 34, 66, 3, 35, 20, 69, 39, 23, 60, 29, 30, 79, 2, 50, 4, 22, 25, 42, 21, 54, 72, 24, 56, 12, 63, 47, 67, 51, 53, 38, 70, 55, 27, 44, 61, 62, 68, 10, 76, 26, 64, 46, 32, 33, 49, 73, 15, 43]
[87, 97]
[89, 97]
[89, 94]
[84, 89]
[82, 96, 88, 83, 90, 84, 98, 85, 99, 100, 102, 93, 95]
[91, 101]
[98, 101]
[81, 98]
[103, 113, 115, 116, 118, 105, 107, 108, 110, 111, 104, 112, 114, 117, 106, 119, 109, 120]
[121, 129, 148, 150, 134, 135, 158, 142, 122, 137, 141, 143, 123, 128, 144, 162, 164, 149, 167, 156, 140, 124, 131, 151, 154, 126, 125, 136, 168, 153, 127, 161, 163, 147, 133, 132, 166, 152, 138, 157, 130, 146, 145, 165, 155, 159, 139, 160]
[196, 199]
[196, 205]
[198, 205]
[178, 200]
[170, 182]
[189, 191]
[172, 191]
[170, 172]
[170, 197]
[197, 201]
[171, 185]
[203, 204]
[179, 180]
[206, 208]
[169, 208, 204, 171, 179, 181, 201, 207, 173, 176, 193, 177, 211, 198, 178, 192]
[174, 184]
[175, 195]
[183, 210]
[194, 209]
[212, 242, 244, 215, 232, 233, 234, 235, 220, 239, 223, 213, 240, 224, 241, 225, 226, 227, 228, 245, 214, 231, 219, 237, 222, 229, 246, 230, 247, 217, 218, 236, 238, 243, 248, 216, 221]
[249, 297]
[260, 287]
[318, 335]
[286, 335]
[286, 315]
[265, 315]
[265, 287]
[287, 289]
[296, 332]
[272, 300]
[281, 300]
[291, 328]
[300, 328]
[300, 334]
[321, 334]
[253, 330]
[292, 325]
[264, 301]
[279, 301]
[261, 279]
[257, 278]
[253, 321, 255, 331, 257, 309, 295, 258, 283, 261, 323, 292, 276, 282, 306, 288, 296]
[284, 295]
[287, 295]
[249, 287]
[259, 316]
[263, 271]
[259, 271]
[267, 270]
[269, 311]
[269, 312]
[274, 304]
[274, 326]
[280, 285]
[294, 329]
[303, 317]
[307, 314]
[310, 319]
[327, 333]
[336, 384, 400, 352, 337, 369, 386, 338, 370, 402, 354, 355, 387, 339, 371, 388, 340, 372, 404, 389, 373, 405, 358, 406, 359, 407, 360, 376, 361, 393, 345, 409, 362, 394, 378, 410, 363, 396, 348, 412, 365, 349, 381, 414, 366, 398, 350, 382, 367, 399, 351, 383, 385, 401, 353, 356, 390, 342, 374, 391, 343, 392, 344, 408, 377, 395, 379, 411, 364, 380, 397, 413, 368, 403, 357, 375, 346, 347, 415, 341]
[416, 448, 433, 418, 450, 434, 451, 421, 437, 422, 454, 438, 423, 440, 425, 442, 443, 427, 444, 428, 445, 430, 447, 417, 419, 435, 436, 439, 424, 441, 429, 446, 432, 452, 420, 455, 431, 453, 449, 456, 426]
[457, 480, 512, 464, 496, 528, 513, 465, 497, 529, 482, 514, 498, 530, 484, 468, 500, 485, 517, 469, 501, 502, 486, 518, 470, 503, 487, 471, 504, 488, 520, 473, 505, 489, 506, 522, 475, 507, 491, 523, 492, 524, 509, 493, 525, 510, 462, 494, 526, 479, 511, 463, 495, 458, 481, 483, 515, 467, 499, 531, 516, 521, 476, 508, 461, 478, 527, 459, 519, 472, 474, 477, 460, 466, 490]
[532, 544, 576, 561, 547, 579, 550, 567, 583, 584, 537, 553, 585, 555, 556, 557, 574, 558, 543, 533, 564, 548, 535, 570, 586, 539, 571, 540, 534, 577, 546, 578, 580, 538, 554, 572, 573, 545, 549, 582, 536, 541, 575, 559, 581, 566, 551, 563, 565, 568, 569, 552, 562, 542, 560]
[588, 593, 594, 596, 600, 603, 607, 589, 598, 602, 605, 591, 590, 592, 597, 595, 601, 604, 606, 608, 599]
[587, 593]
[609, 624, 625, 626, 610, 628, 615, 616, 618, 611, 612, 619, 613, 614, 617, 620, 621, 627, 622, 623]
[629, 630, 631, 633, 634, 635, 636, 637, 638, 632]
[657, 726]
[675, 704]
[639, 726, 713, 714, 686, 640, 642, 676, 663, 727, 681, 651, 667, 653, 703, 641, 709, 725, 695, 666, 716, 687, 719, 688, 665, 643, 708, 664, 715, 668, 655, 644, 650, 646, 720, 721, 710, 647, 706, 691, 684, 685, 648, 659, 711, 699, 701, 649, 693, 707, 669, 652, 682, 658, 690, 717, 671, 654, 656, 674, 677, 680, 704, 718, 678, 696, 705, 692, 662, 660, 673, 661, 700, 698, 722, 724, 694, 670, 672, 712, 697, 679, 702, 689, 683, 723]
[743, 762]
[762, 763]
[728, 740, 729, 761, 733, 753, 756, 759, 748, 730, 769, 737, 742, 744, 747, 731, 768, 752, 736, 738, 762, 764, 732, 767, 757, 750, 734, 745, 751, 735, 765, 766, 739, 746, 749, 754, 770, 741, 758, 755, 760]
[771, 800, 832, 784, 816, 848, 801, 817, 834, 818, 835, 787, 804, 836, 820, 773, 837, 821, 838, 775, 839, 791, 823, 840, 792, 824, 809, 825, 778, 810, 826, 828, 780, 812, 844, 797, 813, 845, 798, 814, 799, 831, 815, 772, 833, 785, 786, 803, 788, 822, 808, 777, 842, 794, 827, 811, 843, 796, 829, 783, 847, 802, 805, 774, 806, 807, 841, 795, 781, 830, 789, 782, 819, 790, 776, 793, 846, 779]
[849, 850, 852, 853, 854, 856, 857, 858, 859, 860, 861, 863, 864, 851, 855, 862]
[871, 887]
[883, 887]
[865, 884, 869, 886, 888, 866, 880, 882, 885, 867, 872, 874, 878, 868, 881, 883, 890, 873, 870, 875, 879, 892, 877, 889, 876, 891]
[893, 897, 929, 937, 924, 894, 936, 910, 895, 935, 896, 912, 900, 932, 918, 926, 927, 904, 898, 916, 917, 902, 938, 908, 899, 930, 921, 939, 931, 933, 920, 901, 928, 913, 907, 919, 909, 903, 922, 906, 923, 905, 934, 914, 911, 925, 915]
[947, 960]
[944, 966]
[955, 963]
[963, 985]
[963, 992]
[950, 992]
[979, 984]
[972, 979]
[949, 994]
[949, 996]
[973, 996]
[973, 982]
[954, 998]
[983, 986]
[983, 988]
[951, 952]
[952, 987]
[953, 976]
[977, 990]
[961, 977]
[962, 995]
[940, 995, 980, 997, 968, 974, 941, 945, 961, 943, 954, 973, 944, 950, 964, 952, 947, 991, 972, 978, 953, 967, 956, 969, 958, 975, 959, 988, 971, 989]
[957, 999]
[86]
[92]
[186]
[187]
[188]
[190]
[202]
[250]
[251]
[252]
[254]
[256]
[262]
[266]
[268]
[273]
[275]
[277]
[290]
[293]
[298]
[299]
[302]
[305]
[308]
[313]
[320]
[322]
[324]
[645]
[942]
[946]
[948]
[965]
[970]
[981]
[993]
Connected components:
[639, 640, 641, 642, 643, 644, 646, 647, 648, 649, 650, 651, 652, 653, 654, 655, 656, 657, 658, 659, 660, 661, 662, 663, 664, 665, 666, 667, 668, 669, 670, 671, 672, 673, 674, 675, 676, 677, 678, 679, 680, 681, 682, 683, 684, 685, 686, 687, 688, 689, 690, 691, 692, 693, 694, 695, 696, 697, 698, 699, 700, 701, 702, 703, 704, 705, 706, 707, 708, 709, 710, 711, 712, 713, 714, 715, 716, 717, 718, 719, 720, 721, 722, 723, 724, 725, 726, 727]
[0, 1, 2, 3, 4, 5, 6, 7, 8, 9, 10, 11, 12, 13, 14, 15, 16, 17, 18, 19, 20, 21, 22, 23, 24, 25, 26, 27, 28, 29, 30, 31, 32, 33, 34, 35, 36, 37, 38, 39, 40, 41, 42, 43, 44, 45, 46, 47, 48, 49, 50, 51, 52, 53, 54, 55, 56, 57, 58, 59, 60, 61, 62, 63, 64, 65, 66, 67, 68, 69, 70, 71, 72, 73, 74, 75, 76, 77, 78, 79, 80]
[336, 337, 338, 339, 340, 341, 342, 343, 344, 345, 346, 347, 348, 349, 350, 351, 352, 353, 354, 355, 356, 357, 358, 359, 360, 361, 362, 363, 364, 365, 366, 367, 368, 369, 370, 371, 372, 373, 374, 375, 376, 377, 378, 379, 380, 381, 382, 383, 384, 385, 386, 387, 388, 389, 390, 391, 392, 393, 394, 395, 396, 397, 398, 399, 400, 401, 402, 403, 404, 405, 406, 407, 408, 409, 410, 411, 412, 413, 414, 415]
[771, 772, 773, 774, 775, 776, 777, 778, 779, 780, 781, 782, 783, 784, 785, 786, 787, 788, 789, 790, 791, 792, 793, 794, 795, 796, 797, 798, 799, 800, 801, 802, 803, 804, 805, 806, 807, 808, 809, 810, 811, 812, 813, 814, 815, 816, 817, 818, 819, 820, 821, 822, 823, 824, 825, 826, 827, 828, 829, 830, 831, 832, 833, 834, 835, 836, 837, 838, 839, 840, 841, 842, 843, 844, 845, 846, 847, 848]
[457, 458, 459, 460, 461, 462, 463, 464, 465, 466, 467, 468, 469, 470, 471, 472, 473, 474, 475, 476, 477, 478, 479, 480, 481, 482, 483, 484, 485, 486, 487, 488, 489, 490, 491, 492, 493, 494, 495, 496, 497, 498, 499, 500, 501, 502, 503, 504, 505, 506, 507, 508, 509, 510, 511, 512, 513, 514, 515, 516, 517, 518, 519, 520, 521, 522, 523, 524, 525, 526, 527, 528, 529, 530, 531]
[532, 533, 534, 535, 536, 537, 538, 539, 540, 541, 542, 543, 544, 545, 546, 547, 548, 549, 550, 551, 552, 553, 554, 555, 556, 557, 558, 559, 560, 561, 562, 563, 564, 565, 566, 567, 568, 569, 570, 571, 572, 573, 574, 575, 576, 577, 578, 579, 580, 581, 582, 583, 584, 585, 586]
[940, 941, 943, 944, 945, 947, 949, 950, 951, 952, 953, 954, 955, 956, 958, 959, 960, 961, 962, 963, 964, 966, 967, 968, 969, 971, 972, 973, 974, 975, 976, 977, 978, 979, 980, 982, 983, 984, 985, 986, 987, 988, 989, 990, 991, 992, 994, 995, 996, 997, 998]
[121, 122, 123, 124, 125, 126, 127, 128, 129, 130, 131, 132, 133, 134, 135, 136, 137, 138, 139, 140, 141, 142, 143, 144, 145, 146, 147, 148, 149, 150, 151, 152, 153, 154, 155, 156, 157, 158, 159, 160, 161, 162, 163, 164, 165, 166, 167, 168]
[893, 894, 895, 896, 897, 898, 899, 900, 901, 902, 903, 904, 905, 906, 907, 908, 909, 910, 911, 912, 913, 914, 915, 916, 917, 918, 919, 920, 921, 922, 923, 924, 925, 926, 927, 928, 929, 930, 931, 932, 933, 934, 935, 936, 937, 938, 939]
[728, 729, 730, 731, 732, 733, 734, 735, 736, 737, 738, 739, 740, 741, 742, 743, 744, 745, 746, 747, 748, 749, 750, 751, 752, 753, 754, 755, 756, 757, 758, 759, 760, 761, 762, 763, 764, 765, 766, 767, 768, 769, 770]
[249, 253, 255, 257, 258, 260, 261, 264, 265, 272, 276, 278, 279, 281, 282, 283, 284, 286, 287, 288, 289, 291, 292, 295, 296, 297, 300, 301, 306, 309, 315, 318, 321, 323, 325, 328, 330, 331, 332, 334, 335]
[416, 417, 418, 419, 420, 421, 422, 423, 424, 425, 426, 427, 428, 429, 430, 431, 432, 433, 434, 435, 436, 437, 438, 439, 440, 441, 442, 443, 444, 445, 446, 447, 448, 449, 450, 451, 452, 453, 454, 455, 456]
[212, 213, 214, 215, 216, 217, 218, 219, 220, 221, 222, 223, 224, 225, 226, 227, 228, 229, 230, 231, 232, 233, 234, 235, 236, 237, 238, 239, 240, 241, 242, 243, 244, 245, 246, 247, 248]
[169, 170, 171, 172, 173, 176, 177, 178, 179, 180, 181, 182, 185, 189, 191, 192, 193, 196, 197, 198, 199, 200, 201, 203, 204, 205, 206, 207, 208, 211]
[865, 866, 867, 868, 869, 870, 871, 872, 873, 874, 875, 876, 877, 878, 879, 880, 881, 882, 883, 884, 885, 886, 887, 888, 889, 890, 891, 892]
[587, 588, 589, 590, 591, 592, 593, 594, 595, 596, 597, 598, 599, 600, 601, 602, 603, 604, 605, 606, 607, 608]
[81, 82, 83, 84, 85, 87, 88, 89, 90, 91, 93, 94, 95, 96, 97, 98, 99, 100, 101, 102]
[609, 610, 611, 612, 613, 614, 615, 616, 617, 618, 619, 620, 621, 622, 623, 624, 625, 626, 627, 628]
[103, 104, 105, 106, 107, 108, 109, 110, 111, 112, 113, 114, 115, 116, 117, 118, 119, 120]
[849, 850, 851, 852, 853, 854, 855, 856, 857, 858, 859, 860, 861, 862, 863, 864]
[629, 630, 631, 632, 633, 634, 635, 636, 637, 638]
[259, 263, 271, 316]
[269, 311, 312]
[274, 304, 326]
[174, 184]
[175, 195]
[183, 210]
[194, 209]
[267, 270]
[280, 285]
[294, 329]
[303, 317]
[307, 314]
[310, 319]
[327, 333]
[957, 999]
[86]
[92]
[186]
[187]
[188]
[190]
[202]
[250]
[251]
[252]
[254]
[256]
[262]
[266]
[268]
[273]
[275]
[277]
[290]
[293]
[298]
[299]
[302]
[305]
[308]
[313]
[320]
[322]
[324]
[645]
[942]
[946]
[948]
[965]
[970]
[981]
[993]
