Bridges:
(29, 999)
(5, 740)
(662, 718)
Cut vertices:
[29, 5, 662]
Biconnected components:
[29, 999]
[5, 740]
[662, 718]
[260, 325, 701, 12, 204, 906, 460, 286, 629, 69, 192, 779, 227, 668, 706, 111, 877, 866, 690, 617, 17, 332, 95, 468, 81, 206, 34, 140, 360, 691, 894, 800, 210, 437, 699, 532, 656, 109, 983, 457, 143, 734, 253, 653, 251, 529, 576, 644, 602, 646, 864, 618, 64, 356, 908, 397, 628, 633, 379, 213, 117, 714, 987, 147, 172, 702, 804, 836, 522, 803, 751, 159, 438, 107, 479, 344, 271, 48, 981, 56, 621, 237, 855, 649, 489, 259, 120, 261, 451, 531, 774, 977, 776, 611, 100, 797, 801, 946, 660, 665, 770, 475, 589, 208, 303, 882, 415, 820, 171, 220, 948, 265, 783, 947, 198, 574, 311, 911, 577, 775, 314, 387, 781, 600, 330, 492, 727, 77, 592, 526, 180, 560, 743, 68, 805, 752, 223, 341, 285, 336, 346, 637, 398, 58, 909, 59, 810, 717, 934, 631, 648, 464, 358, 30, 376, 924, 72, 440, 572, 326, 671, 719, 616, 696, 319, 369, 99, 122, 832, 181, 422, 614, 354, 273, 209, 555, 94, 221, 961, 978, 799, 199, 6, 763, 91, 876, 328, 868, 207, 892, 26, 513, 642, 179, 941, 895, 898, 20, 886, 976, 938, 640, 897, 306, 480, 910, 139, 652, 61, 583, 915, 654, 739, 662, 594, 625, 452, 185, 794, 874, 280, 630, 71, 5, 943, 388, 323, 184, 778, 423, 521, 248, 927, 784, 381, 102, 964, 966, 226, 483, 426, 822, 546, 873, 913, 599, 907, 482, 486, 536, 551, 391, 54, 540, 15, 512, 156, 837, 593, 789, 556, 627, 545, 45, 902, 825, 331, 839, 608, 787, 49, 883, 471, 716, 693, 566, 510, 821, 228, 307, 92, 89, 494, 50, 549, 188, 44, 773, 905, 3, 238, 395, 73, 735, 224, 833, 1, 670, 737, 390, 741, 36, 561, 290, 581, 382, 528, 595, 243, 416, 278, 667, 16, 772, 417, 541, 624, 698, 474, 497, 339, 950, 361, 160, 425, 603, 712, 62, 131, 970, 813, 57, 166, 782, 940, 709, 612, 971, 272, 753, 601, 846, 931, 900, 918, 413, 939, 18, 871, 505, 267, 430, 141, 75, 511, 270, 980, 431, 19, 985, 293, 597, 148, 721, 889, 870, 232, 42, 858, 798, 503, 500, 746, 765, 750, 401, 502, 245, 515, 766, 363, 318, 904, 632, 764, 767, 399, 169, 88, 669, 164, 406, 110, 246, 155, 90, 542, 458, 375, 490, 476, 396, 861, 509, 958, 178, 552, 176, 582, 912, 258, 936, 414, 124, 854, 954, 428, 404, 937, 651, 183, 203, 24, 729, 364, 407, 605, 634, 748, 187, 142, 925, 811, 442, 891, 313, 38, 890, 993, 559, 790, 692, 979, 657, 982, 168, 255, 824, 335, 8, 579, 484, 518, 755, 685, 37, 368, 623, 613, 571, 459, 598, 205, 838, 429, 247, 52, 362, 129, 9, 835, 920, 994, 235, 984, 847, 704, 29, 162, 87, 680, 487, 856, 863, 216, 923, 928, 316, 859, 650, 591, 197, 127, 67, 506, 921, 759, 996, 116, 989, 14, 857, 585, 596, 831, 385, 584, 345, 46, 914, 269, 609, 944, 949, 922, 263, 266, 955, 829, 466, 240, 454, 867, 604, 842, 302, 462, 161, 342, 283, 126, 849, 222, 726, 705, 733, 158, 473, 276, 792, 80, 334, 70, 930, 553, 844, 112, 539, 972, 814, 578, 320, 791, 105, 115, 380, 439, 435, 736, 565, 133, 43, 333, 962, 514, 219, 289, 674, 815, 453, 720, 113, 823, 771, 446, 165, 959, 853, 860, 340, 843, 865, 55, 41, 134, 101, 879, 309, 93, 7, 945, 86, 400, 352, 880, 33, 121, 827, 394, 327, 478, 371, 607, 434, 615, 202, 22, 786, 118, 932, 60, 190, 818, 481, 724, 963, 193, 450, 590, 200, 365, 568, 745, 154, 51, 282, 145, 758, 357, 427, 991, 436, 780, 875, 287, 795, 658, 136, 756, 239, 384, 516, 661, 268, 840, 182, 802, 186, 655, 284, 433, 305, 175, 373, 841, 881, 40, 39, 98, 619, 288, 244, 760, 887, 501, 586, 35, 337, 359, 13, 554, 104, 304, 411, 405, 535, 888, 757, 177, 10, 872, 470, 312, 249, 666, 785, 277, 4, 744, 370, 723, 570, 194, 233, 443, 447, 550, 524, 728, 137, 409, 2, 973, 862, 322, 250, 11, 310, 710, 254, 663, 641, 53, 538, 349, 672, 491, 926, 567, 777, 386, 0, 682, 366, 916, 32, 851, 402, 321, 762, 63, 769, 917, 31, 300, 852, 151, 626, 351, 418, 96, 130, 806, 350, 488, 573, 809, 988, 82, 157, 301, 732, 163, 47, 695, 885, 76, 713, 896, 580, 968, 997, 173, 225, 421, 152, 525, 812, 638, 383, 569, 274, 444, 449, 523, 496, 79, 218, 317, 742, 355, 960, 547, 465, 850, 477, 419, 230, 848, 747, 929, 74, 935, 684, 817, 467, 236, 299, 432, 297, 234, 768, 689, 308, 807, 563, 83, 463, 738, 275, 374, 170, 242, 530, 298, 687, 329, 128, 66, 715, 108, 957, 681, 639, 749, 986, 174, 85, 195, 441, 372, 150, 347, 819, 252, 878, 291, 969, 338, 884, 27, 562, 114, 676, 469, 731, 893, 816, 694, 761, 834, 231, 636, 965, 241, 324, 498, 645, 543, 138, 647, 167, 635, 992, 707, 461, 534, 869, 25, 558, 294, 548, 620, 23, 403, 292, 499, 257, 606, 189, 212, 65, 119, 315, 485, 106, 353, 703, 754, 679, 410, 899, 472, 796, 686, 149, 659, 256, 445, 377, 520, 828, 279, 610, 537, 587, 84, 722, 975, 953, 903, 544, 933, 456, 793, 191, 507, 455, 348, 677, 845, 123, 725, 951, 730, 901, 343, 826, 998, 967, 21, 229, 153, 125, 678, 393, 408, 217, 519, 711, 389, 196, 448, 508, 673, 995, 420, 495, 557, 281, 211, 830, 103, 683, 575, 952, 942, 697, 990, 533, 974, 215, 28, 424, 201, 675, 295, 643, 97, 214, 622, 808, 146, 367, 956, 504, 412, 144, 296, 564, 708, 919, 688, 378, 493, 664, 788, 700, 517, 588, 527, 78, 264, 392, 262, 135, 132]
Connected components:
[0, 1, 2, 3, 4, 5, 6, 7, 8, 9, 10, 11, 12, 13, 14, 15, 16, 17, 18, 19, 20, 21, 22, 23, 24, 25, 26, 27, 28, 29, 30, 31, 32, 33, 34, 35, 36, 37, 38, 39, 40, 41, 42, 43, 44, 45, 46, 47, 48, 49, 50, 51, 52, 53, 54, 55, 56, 57, 58, 59, 60, 61, 62, 63, 64, 65, 66, 67, 68, 69, 70, 71, 72, 73, 74, 75, 76, 77, 78, 79, 80, 81, 82, 83, 84, 85, 86, 87, 88, 89, 90, 91, 92, 93, 94, 95, 96, 97, 98, 99, 100, 101, 102, 103, 104, 105, 106, 107, 108, 109, 110, 111, 112, 113, 114, 115, 116, 117, 118, 119, 120, 121, 122, 123, 124, 125, 126, 127, 128, 129, 130, 131, 132, 133, 134, 135, 136, 137, 138, 139, 140, 141, 142, 143, 144, 145, 146, 147, 148, 149, 150, 151, 152, 153, 154, 155, 156, 157, 158, 159, 160, 161, 162, 163, 164, 165, 166, 167, 168, 169, 170, 171, 172, 173, 174, 175, 176, 177, 178, 179, 180, 181, 182, 183, 184, 185, 186, 187, 188, 189, 190, 191, 192, 193, 194, 195, 196, 197, 198, 199, 200, 201, 202, 203, 204, 205, 206, 207, 208, 209, 210, 211, 212, 213, 214, 215, 216, 217, 218, 219, 220, 221, 222, 223, 224, 225, 226, 227, 228, 229, 230, 231, 232, 233, 234, 235, 236, 237, 238, 239, 240, 241, 242, 243, 244, 245, 246, 247, 248, 249, 250, 251, 252, 253, 254, 255, 256, 257, 258, 259, 260, 261, 262, 263, 264, 265, 266, 267, 268, 269, 270, 271, 272, 273, 274, 275, 276, 277, 278, 279, 280, 281, 282, 283, 284, 285, 286, 287, 288, 289, 290, 291, 292, 293, 294, 295, 296, 297, 298, 299, 300, 301, 302, 303, 304, 305, 306, 307, 308, 309, 310, 311, 312, 313, 314, 315, 316, 317, 318, 319, 320, 321, 322, 323, 324, 325, 326, 327, 328, 329, 330, 331, 332, 333, 334, 335, 336, 337, 338, 339, 340, 341, 342, 343, 344, 345, 346, 347, 348, 349, 350, 351, 352, 353, 354, 355, 356, 357, 358, 359, 360, 361, 362, 363, 364, 365, 366, 367, 368, 369, 370, 371, 372, 373, 374, 375, 376, 377, 378, 379, 380, 381, 382, 383, 384, 385, 386, 387, 388, 389, 390, 391, 392, 393, 394, 395, 396, 397, 398, 399, 400, 401, 402, 403, 404, 405, 406, 407, 408, 409, 410, 411, 412, 413, 414, 415, 416, 417, 418, 419, 420, 421, 422, 423, 424, 425, 426, 427, 428, 429, 430, 431, 432, 433, 434, 435, 436, 437, 438, 439, 440, 441, 442, 443, 444, 445, 446, 447, 448, 449, 450, 451, 452, 453, 454, 455, 456, 457, 458, 459, 460, 461, 462, 463, 464, 465, 466, 467, 468, 469, 470, 471, 472, 473, 474, 475, 476, 477, 478, 479, 480, 481, 482, 483, 484, 485, 486, 487, 488, 489, 490, 491, 492, 493, 494, 495, 496, 497, 498, 499, 500, 501, 502, 503, 504, 505, 506, 507, 508, 509, 510, 511, 512, 513, 514, 515, 516, 517, 518, 519, 520, 521, 522, 523, 524, 525, 526, 527, 528, 529, 530, 531, 532, 533, 534, 535, 536, 537, 538, 539, 540, 541, 542, 543, 544, 545, 546, 547, 548, 549, 550, 551, 552, 553, 554, 555, 556, 557, 558, 559, 560, 561, 562, 563, 564, 565, 566, 567, 568, 569, 570, 571, 572, 573, 574, 575, 576, 577, 578, 579, 580, 581, 582, 583, 584, 585, 586, 587, 588, 589, 590, 591, 592, 593, 594, 595, 596, 597, 598, 599, 600, 601, 602, 603, 604, 605, 606, 607, 608, 609, 610, 611, 612, 613, 614, 615, 616, 617, 618, 619, 620, 621, 622, 623, 624, 625, 626, 627, 628, 629, 630, 631, 632, 633, 634, 635, 636, 637, 638, 639, 640, 641, 642, 643, 644, 645, 646, 647, 648, 649, 650, 651, 652, 653, 654, 655, 656, 657, 658, 659, 660, 661, 662, 663, 664, 665, 666, 667, 668, 669, 670, 671, 672, 673, 674, 675, 676, 677, 678, 679, 680, 681, 682, 683, 684, 685, 686, 687, 688, 689, 690, 691, 692, 693, 694, 695, 696, 697, 698, 699, 700, 701, 702, 703, 704, 705, 706, 707, 708, 709, 710, 711, 712, 713, 714, 715, 716, 717, 718, 719, 720, 721, 722, 723, 724, 725, 726, 727, 728, 729, 730, 731, 732, 733, 734, 735, 736, 737, 738, 739, 740, 741, 742, 743, 744, 745, 746, 747, 748, 749, 750, 751, 752, 753, 754, 755, 756, 757, 758, 759, 760, 761, 762, 763, 764, 765, 766, 767, 768, 769, 770, 771, 772, 773, 774, 775, 776, 777, 778, 779, 780, 781, 782, 783, 784, 785, 786, 787, 788, 789, 790, 791, 792, 793, 794, 795, 796, 797, 798, 799, 800, 801, 802, 803, 804, 805, 806, 807, 808, 809, 810, 811, 812, 813, 814, 815, 816, 817, 818, 819, 820, 821, 822, 823, 824, 825, 826, 827, 828, 829, 830, 831, 832, 833, 834, 835, 836, 837, 838, 839, 840, 841, 842, 843, 844, 845, 846, 847, 848, 849, 850, 851, 852, 853, 854, 855, 856, 857, 858, 859, 860, 861, 862, 863, 864, 865, 866, 867, 868, 869, 870, 871, 872, 873, 874, 875, 876, 877, 878, 879, 880, 881, 882, 883, 884, 885, 886, 887, 888, 889, 890, 891, 892, 893, 894, 895, 896, 897, 898, 899, 900, 901, 902, 903, 904, 905, 906, 907, 908, 909, 910, 911, 912, 913, 914, 915, 916, 917, 918, 919, 920, 921, 922, 923, 924, 925, 926, 927, 928, 929, 930, 931, 932, 933, 934, 935, 936, 937, 938, 939, 940, 941, 942, 943, 944, 945, 946, 947, 948, 949, 950, 951, 952, 953, 954, 955, 956, 957, 958, 959, 960, 961, 962, 963, 964, 965, 966, 967, 968, 969, 970, 971, 972, 973, 974, 975, 976, 977, 978, 979, 980, 981, 982, 983, 984, 985, 986, 987, 988, 989, 990, 991, 992, 993, 994, 995, 996, 997, 998, 999]
