Bridges:
Cut vertices:
[259, 227, 902, 136, 456, 424, 753, 633, 414]
Biconnected components:
[552, 907, 790, 253, 890, 440, 136, 156, 102, 488, 936, 152, 654, 357, 343, 989, 789, 896, 678, 27, 860, 606, 41, 296, 324, 888, 202, 643, 973, 921, 619, 686, 241, 771, 433, 288, 417, 522, 517, 866, 386, 474, 894, 181, 309, 597, 702, 931, 451, 97, 504, 114, 286]
[136, 897, 215, 865, 339, 560, 849, 80, 92, 389, 406, 991, 524, 563, 932, 456, 625, 302, 941, 408, 966, 667, 382, 699, 100, 415, 538, 109, 69, 595, 763, 322, 47, 843, 431, 744, 951, 361, 867, 924, 0, 251, 287, 701, 50, 155, 213, 918, 238, 65, 436, 91, 297, 486, 61, 365, 575, 628, 295, 353, 8, 905, 347, 328, 402, 439, 317, 526, 795, 419, 986, 555, 922, 163, 166, 511, 43, 462, 758, 87, 483]
[414, 442, 891, 872, 608, 46, 373, 546, 346, 456, 416, 258, 740, 719, 649, 705, 275, 725, 561, 518, 350, 514, 666, 826, 218, 67, 982, 38, 531, 645, 426, 559, 926, 252, 792, 19, 74, 399, 572, 284, 549, 747, 211, 910, 663, 207, 349, 734, 728, 674, 827, 401, 960, 731, 556, 320, 3]
[39, 993, 732, 658, 929, 592, 609, 779, 165, 54, 598, 573, 104, 376, 970, 855, 800, 730, 473, 230, 227, 749, 362, 582, 906, 761, 461, 307, 983, 260, 414, 762, 775, 834, 554, 265, 130, 828, 256, 856, 664, 83, 987, 199, 313, 358, 657, 249, 435, 32, 577, 904, 160, 784, 946, 405, 98, 176, 116, 159, 223, 150, 548, 247, 471, 885, 119, 240, 708, 919, 18, 145, 615, 93, 190, 429, 676, 168, 948, 859, 115, 912, 388, 494, 607, 788, 340, 261, 611, 711, 727, 818]
[259, 656, 496, 282, 463, 646, 596, 670, 366, 750, 996, 441, 356, 835, 318, 632, 815, 148, 79, 569, 380, 464, 479, 634, 144, 383, 188, 829, 133, 128, 726, 466, 581, 341, 220, 225, 677, 476, 618, 75, 739, 212, 984, 832, 327, 713, 359, 602, 879, 507, 209]
[753, 988, 529, 623, 687, 5, 68, 696, 217, 797, 33, 782, 448, 63, 558, 630, 793, 791, 695, 266, 681, 344, 164, 841, 469, 6, 957, 206, 692, 197, 140, 289, 94, 17, 495, 830, 669, 22, 967, 503, 201, 85, 604, 992, 151, 930, 694, 689, 235, 70, 301, 222, 381, 13, 801, 974, 510, 567, 200, 720, 245, 599, 279, 395, 459, 427, 139, 142, 748, 964, 138, 174, 796, 268, 593, 660, 680, 299, 889, 938, 292, 325, 467, 950, 565, 480, 963, 487, 716, 911, 372, 84]
[513, 937, 743, 404, 956, 194, 196, 489, 49, 396, 753, 259, 66, 842, 819, 540, 707, 304, 706, 741, 650, 940, 428, 871, 585, 330, 24, 824, 976, 331, 278, 250, 870, 36, 73, 323, 368, 869, 248, 424, 803, 532, 557, 756, 52, 617, 465, 25, 621, 355, 564, 375, 337, 735, 516, 88, 86, 851, 661, 203, 648, 773, 216]
[184, 424, 319, 481, 914, 193, 21, 833, 717, 806, 99, 612, 752, 627, 605, 853, 684, 525, 177, 4, 825, 425, 635, 746, 586, 123, 985, 283, 141, 902, 30, 269, 274, 273, 171, 895, 908, 60, 445, 588, 965, 814, 342, 336, 542, 805, 96, 394, 519, 291, 234, 300, 642, 903, 460, 816, 311, 137, 179, 237, 35, 508, 454, 723, 447, 370, 11, 364, 953, 580, 490, 523, 208, 721, 949, 446, 409, 12, 158, 799, 909, 913, 28, 53, 535, 173, 738, 770, 351, 411, 499, 332, 131, 616, 180, 776, 105, 813, 954, 149]
[521, 633, 392, 823, 314, 874, 837, 421, 972, 303, 227, 506, 997, 384, 613, 544, 902, 455, 505, 127, 787, 861, 794, 385, 614, 407, 183, 1, 233, 34, 886, 71, 326, 271, 691, 798, 403, 780, 893, 679, 690, 767, 143, 244, 812, 622, 195, 329, 528, 917, 810, 172, 226, 229]
[57, 968, 603, 633, 877, 64, 718, 501, 493, 920, 880, 777, 527, 298, 335, 270, 281, 977, 766, 589, 873, 576, 781, 898, 509, 449, 804, 484, 391, 515, 293, 836, 647, 736, 760, 570, 935, 659, 925, 975, 360, 430, 672, 387, 547, 820, 644, 214, 169, 553, 774, 310, 899, 257, 863, 945, 768, 243, 129, 729, 591, 124, 204, 864, 452, 42, 443, 520, 154, 704, 120, 955, 363, 878, 308, 228, 742, 923, 267, 662, 854, 16, 545, 944, 334, 850]
Connected components:
[0, 1, 3, 4, 5, 6, 8, 11, 12, 13, 16, 17, 18, 19, 21, 22, 24, 25, 27, 28, 30, 32, 33, 34, 35, 36, 38, 39, 41, 42, 43, 46, 47, 49, 50, 52, 53, 54, 57, 60, 61, 63, 64, 65, 66, 67, 68, 69, 70, 71, 73, 74, 75, 79, 80, 83, 84, 85, 86, 87, 88, 91, 92, 93, 94, 96, 97, 98, 99, 100, 102, 104, 105, 109, 114, 115, 116, 119, 120, 123, 124, 127, 128, 129, 130, 131, 133, 136, 137, 138, 139, 140, 141, 142, 143, 144, 145, 148, 149, 150, 151, 152, 154, 155, 156, 158, 159, 160, 163, 164, 165, 166, 168, 169, 171, 172, 173, 174, 176, 177, 179, 180, 181, 183, 184, 188, 190, 193, 194, 195, 196, 197, 199, 200, 201, 202, 203, 204, 206, 207, 208, 209, 211, 212, 213, 214, 215, 216, 217, 218, 220, 222, 223, 225, 226, 227, 228, 229, 230, 233, 234, 235, 237, 238, 240, 241, 243, 244, 245, 247, 248, 249, 250, 251, 252, 253, 256, 257, 258, 259, 260, 261, 265, 266, 267, 268, 269, 270, 271, 273, 274, 275, 278, 279, 281, 282, 283, 284, 286, 287, 288, 289, 291, 292, 293, 295, 296, 297, 298, 299, 300, 301, 302, 303, 304, 307, 308, 309, 310, 311, 313, 314, 317, 318, 319, 320, 322, 323, 324, 325, 326, 327, 328, 329, 330, 331, 332, 334, 335, 336, 337, 339, 340, 341, 342, 343, 344, 346, 347, 349, 350, 351, 353, 355, 356, 357, 358, 359, 360, 361, 362, 363, 364, 365, 366, 368, 370, 372, 373, 375, 376, 380, 381, 382, 383, 384, 385, 386, 387, 388, 389, 391, 392, 394, 395, 396, 399, 401, 402, 403, 404, 405, 406, 407, 408, 409, 411, 414, 415, 416, 417, 419, 421, 424, 425, 426, 427, 428, 429, 430, 431, 433, 435, 436, 439, 440, 441, 442, 443, 445, 446, 447, 448, 449, 451, 452, 454, 455, 456, 459, 460, 461, 462, 463, 464, 465, 466, 467, 469, 471, 473, 474, 476, 479, 480, 481, 483, 484, 486, 487, 488, 489, 490, 493, 494, 495, 496, 499, 501, 503, 504, 505, 506, 507, 508, 509, 510, 511, 513, 514, 515, 516, 517, 518, 519, 520, 521, 522, 523, 524, 525, 526, 527, 528, 529, 531, 532, 535, 538, 540, 542, 544, 545, 546, 547, 548, 549, 552, 553, 554, 555, 556, 557, 558, 559, 560, 561, 563, 564, 565, 567, 569, 570, 572, 573, 575, 576, 577, 580, 581, 582, 585, 586, 588, 589, 591, 592, 593, 595, 596, 597, 598, 599, 602, 603, 604, 605, 606, 607, 608, 609, 611, 612, 613, 614, 615, 616, 617, 618, 619, 621, 622, 623, 625, 627, 628, 630, 632, 633, 634, 635, 642, 643, 644, 645, 646, 647, 648, 649, 650, 654, 656, 657, 658, 659, 660, 661, 662, 663, 664, 666, 667, 669, 670, 672, 674, 676, 677, 678, 679, 680, 681, 684, 686, 687, 689, 690, 691, 692, 694, 695, 696, 699, 701, 702, 704, 705, 706, 707, 708, 711, 713, 716, 717, 718, 719, 720, 721, 723, 725, 726, 727, 728, 729, 730, 731, 732, 734, 735, 736, 738, 739, 740, 741, 742, 743, 744, 746, 747, 748, 749, 750, 752, 753, 756, 758, 760, 761, 762, 763, 766, 767, 768, 770, 771, 773, 774, 775, 776, 777, 779, 780, 781, 782, 784, 787, 788, 789, 790, 791, 792, 793, 794, 795, 796, 797, 798, 799, 800, 801, 803, 804, 805, 806, 810, 812, 813, 814, 815, 816, 818, 819, 820, 823, 824, 825, 826, 827, 828, 829, 830, 832, 833, 834, 835, 836, 837, 841, 842, 843, 849, 850, 851, 853, 854, 855, 856, 859, 860, 861, 863, 864, 865, 866, 867, 869, 870, 871, 872, 873, 874, 877, 878, 879, 880, 885, 886, 888, 889, 890, 891, 893, 894, 895, 896, 897, 898, 899, 902, 903, 904, 905, 906, 907, 908, 909, 910, 911, 912, 913, 914, 917, 918, 919, 920, 921, 922, 923, 924, 925, 926, 929, 930, 931, 932, 935, 936, 937, 938, 940, 941, 944, 945, 946, 948, 949, 950, 951, 953, 954, 955, 956, 957, 960, 963, 964, 965, 966, 967, 968, 970, 972, 973, 974, 975, 976, 977, 982, 983, 984, 985, 986, 987, 988, 989, 991, 992, 993, 996, 997]
