Bridges:
(198, 515)
Cut vertices:
[746, 403, 900, 198]
Biconnected components:
[612, 746, 765]
[198, 515]
[80, 403, 198]
[24, 816, 176, 657, 851, 980, 660, 900, 548, 756, 533, 887, 856, 200, 408, 889, 537, 745, 601, 233, 154, 138, 427, 635, 27, 269, 589, 478, 542, 942, 879, 98, 31, 930, 183, 553, 766, 383, 47, 147, 454, 61, 86, 823, 87, 813, 77, 276, 117, 989, 430, 85, 464, 977, 673, 722, 402, 275, 195, 709, 981, 582, 951, 296, 520, 874, 971, 412, 509, 925, 957, 799, 927, 833, 261, 278, 263, 860, 621, 877, 113, 658, 905, 617, 571, 941, 231, 123, 576, 246, 633, 668, 990, 735, 141, 498, 508, 397, 162, 204, 605, 255, 182, 403, 630, 768, 640, 675, 871, 970, 619, 333, 398, 271, 717, 609]
[0, 864, 112, 689, 369, 563, 595, 325, 181, 597, 133, 901, 933, 694, 342, 406, 215, 487, 439, 295, 504, 40, 681, 409, 122, 522, 91, 187, 283, 347, 379, 940, 380, 797, 462, 878, 127, 847, 1, 912, 961, 274, 803, 547, 277, 103, 647, 120, 457, 202, 299, 395, 811, 124, 332, 156, 316, 556, 413, 79, 351, 2, 944, 241, 355, 180, 452, 326, 646, 393, 281, 796, 829, 125, 95, 3, 800, 919, 4, 512, 449, 881, 516, 821, 998, 216, 968, 458, 859, 219, 780, 428, 812, 782, 591, 5, 272, 386, 962, 691, 723, 19, 995, 708, 741, 885, 662, 966, 471, 184, 984, 280, 505, 361, 217, 697, 377, 969, 475, 699, 828, 318, 687, 367, 751, 6, 976, 784, 560, 561, 305, 145, 66, 914, 36, 420, 308, 917, 245, 54, 343, 935, 473, 121, 762, 618, 715, 460, 157, 317, 173, 46, 110, 910, 463, 7, 32, 65, 818, 867, 356, 580, 69, 677, 70, 310, 119, 360, 664, 297, 313, 922, 170, 443, 171, 555, 845, 30, 158, 8, 273, 340, 853, 166, 791, 744, 376, 41, 44, 685, 429, 205, 63, 223, 9, 801, 754, 882, 837, 519, 759, 792, 698, 300, 876, 972, 142, 10, 481, 388, 788, 485, 902, 615, 488, 56, 201, 426, 826, 716, 238, 655, 159, 815, 11, 865, 577, 401, 817, 257, 738, 67, 52, 405, 550, 728, 729, 266, 474, 270, 526, 559, 943, 12, 229, 214, 718, 254, 13, 496, 946, 626, 482, 116, 149, 569, 543, 319, 14, 224, 33, 849, 706, 678, 873, 858, 954, 282, 58, 442, 188, 140, 588, 893, 573, 557, 15, 304, 928, 256, 129, 497, 34, 898, 290, 627, 835, 99, 787, 948, 932, 404, 852, 549, 645, 534, 854, 567, 807, 727, 375, 407, 328, 168, 440, 665, 585, 267, 331, 939, 524, 237, 653, 253, 798, 62, 654, 206, 415, 287, 16, 432, 161, 35, 755, 115, 695, 616, 777, 521, 763, 476, 284, 525, 607, 17, 416, 240, 704, 209, 593, 289, 82, 146, 354, 389, 743, 455, 167, 392, 139, 988, 908, 749, 637, 974, 334, 590, 399, 527, 18, 883, 934, 445, 703, 81, 579, 581, 74, 955, 20, 656, 880, 947, 131, 838, 486, 584, 345, 761, 25, 714, 234, 671, 21, 321, 628, 390, 535, 311, 23, 493, 222, 863, 111, 22, 480, 960, 736, 97, 513, 705, 772, 422, 374, 666, 364, 45, 191, 298, 779, 750, 190, 670, 26, 896, 752, 834, 899, 710, 614, 39, 472, 809, 510, 382, 28, 769, 594, 370, 578, 771, 323, 916, 564, 884, 151, 953, 682, 891, 301, 285, 669, 719, 29, 992, 210, 418, 820, 134, 518, 679, 279, 622, 174, 294, 341, 924, 243, 435, 105, 748, 700, 781, 713, 872, 692, 789, 262, 506, 218, 252, 494, 37, 608, 721, 434, 979, 291, 680, 42, 250, 586, 540, 911, 38, 740, 868, 437, 293, 502, 742, 327, 248, 649, 844, 830, 94, 978, 322, 503, 711, 760, 88, 155, 235, 956, 381, 926, 558, 639, 48, 855, 987, 492, 764, 306, 307, 164, 185, 827, 43, 336, 945, 625, 641, 177, 178, 562, 450, 211, 163, 611, 436, 950, 758, 775, 999, 568, 136, 841, 362, 683, 572, 604, 973, 446, 638, 734, 64, 337, 690, 468, 997, 918, 358, 423, 55, 840, 425, 890, 172, 733, 353, 329, 623, 53, 574, 848, 466, 148, 484, 875, 523, 49, 50, 546, 610, 850, 674, 371, 707, 84, 199, 967, 776, 444, 365, 511, 51, 192, 465, 451, 421, 373, 774, 71, 552, 461, 862, 596, 324, 391, 368, 491, 636, 57, 993, 499, 921, 688, 720, 400, 144, 528, 193, 994, 419, 227, 260, 292, 357, 213, 165, 102, 726, 118, 983, 247, 888, 536, 920, 904, 264, 489, 746, 602, 842, 410, 363, 603, 75, 268, 220, 732, 861, 606, 814, 59, 672, 737, 259, 132, 500, 806, 631, 936, 232, 810, 251, 302, 783, 767, 60, 544, 913, 338, 642, 804, 964, 599, 104, 937, 778, 651, 459, 895, 68, 836, 793, 72, 897, 242, 469, 169, 286, 350, 73, 179, 339, 629, 965, 501, 886, 150, 982, 152, 424, 825, 346, 747, 107, 795, 92, 348, 894, 702, 207, 431, 565, 693, 135, 554, 975, 76, 314, 730, 236, 78, 802, 194, 739, 790, 822, 312, 909, 83, 384, 832, 128, 545, 225, 996, 613, 230, 632, 456, 249, 634, 794, 203, 620, 991, 753, 226, 986, 189, 724, 89, 90, 985, 186, 906, 808, 315, 652, 959, 93, 725, 839, 696, 731, 686, 160, 320, 866, 530, 819, 676, 857, 394, 831, 96, 592, 929, 130, 453, 661, 517, 344, 441, 265, 938, 378, 843, 587, 109, 126, 366, 479, 100, 208, 963, 467, 949, 663, 667, 907, 477, 239, 101, 541, 923, 106, 529, 372, 228, 870, 153, 175, 108, 624, 531, 197, 417, 114, 786, 483, 869, 598, 507, 335, 143, 650, 196, 757, 137, 411, 396, 575, 684, 495, 648, 566, 712, 600, 958, 303, 903, 470, 824, 414, 915, 538, 490, 349, 514, 952, 532, 352, 385, 644, 447, 244, 438, 785, 701, 551, 846, 212, 583, 221, 433, 258, 659, 359, 570, 773, 805, 330, 387, 288, 539, 309, 892, 448, 770, 643, 900, 931]
Connected components:
[0, 1, 2, 3, 4, 5, 6, 7, 8, 9, 10, 11, 12, 13, 14, 15, 16, 17, 18, 19, 20, 21, 22, 23, 24, 25, 26, 27, 28, 29, 30, 31, 32, 33, 34, 35, 36, 37, 38, 39, 40, 41, 42, 43, 44, 45, 46, 47, 48, 49, 50, 51, 52, 53, 54, 55, 56, 57, 58, 59, 60, 61, 62, 63, 64, 65, 66, 67, 68, 69, 70, 71, 72, 73, 74, 75, 76, 77, 78, 79, 80, 81, 82, 83, 84, 85, 86, 87, 88, 89, 90, 91, 92, 93, 94, 95, 96, 97, 98, 99, 100, 101, 102, 103, 104, 105, 106, 107, 108, 109, 110, 111, 112, 113, 114, 115, 116, 117, 118, 119, 120, 121, 122, 123, 124, 125, 126, 127, 128, 129, 130, 131, 132, 133, 134, 135, 136, 137, 138, 139, 140, 141, 142, 143, 144, 145, 146, 147, 148, 149, 150, 151, 152, 153, 154, 155, 156, 157, 158, 159, 160, 161, 162, 163, 164, 165, 166, 167, 168, 169, 170, 171, 172, 173, 174, 175, 176, 177, 178, 179, 180, 181, 182, 183, 184, 185, 186, 187, 188, 189, 190, 191, 192, 193, 194, 195, 196, 197, 198, 199, 200, 201, 202, 203, 204, 205, 206, 207, 208, 209, 210, 211, 212, 213, 214, 215, 216, 217, 218, 219, 220, 221, 222, 223, 224, 225, 226, 227, 228, 229, 230, 231, 232, 233, 234, 235, 236, 237, 238, 239, 240, 241, 242, 243, 244, 245, 246, 247, 248, 249, 250, 251, 252, 253, 254, 255, 256, 257, 258, 259, 260, 261, 262, 263, 264, 265, 266, 267, 268, 269, 270, 271, 272, 273, 274, 275, 276, 277, 278, 279, 280, 281, 282, 283, 284, 285, 286, 287, 288, 289, 290, 291, 292, 293, 294, 295, 296, 297, 298, 299, 300, 301, 302, 303, 304, 305, 306, 307, 308, 309, 310, 311, 312, 313, 314, 315, 316, 317, 318, 319, 320, 321, 322, 323, 324, 325, 326, 327, 328, 329, 330, 331, 332, 333, 334, 335, 336, 337, 338, 339, 340, 341, 342, 343, 344, 345, 346, 347, 348, 349, 350, 351, 352, 353, 354, 355, 356, 357, 358, 359, 360, 361, 362, 363, 364, 365, 366, 367, 368, 369, 370, 371, 372, 373, 374, 375, 376, 377, 378, 379, 380, 381, 382, 383, 384, 385, 386, 387, 388, 389, 390, 391, 392, 393, 394, 395, 396, 397, 398, 399, 400, 401, 402, 403, 404, 405, 406, 407, 408, 409, 410, 411, 412, 413, 414, 415, 416, 417, 418, 419, 420, 421, 422, 423, 424, 425, 426, 427, 428, 429, 430, 431, 432, 433, 434, 435, 436, 437, 438, 439, 440, 441, 442, 443, 444, 445, 446, 447, 448, 449, 450, 451, 452, 453, 454, 455, 456, 457, 458, 459, 460, 461, 462, 463, 464, 465, 466, 467, 468, 469, 470, 471, 472, 473, 474, 475, 476, 477, 478, 479, 480, 481, 482, 483, 484, 485, 486, 487, 488, 489, 490, 491, 492, 493, 494, 495, 496, 497, 498, 499, 500, 501, 502, 503, 504, 505, 506, 507, 508, 509, 510, 511, 512, 513, 514, 515, 516, 517, 518, 519, 520, 521, 522, 523, 524, 525, 526, 527, 528, 529, 530, 531, 532, 533, 534, 535, 536, 537, 538, 539, 540, 541, 542, 543, 544, 545, 546, 547, 548, 549, 550, 551, 552, 553, 554, 555, 556, 557, 558, 559, 560, 561, 562, 563, 564, 565, 566, 567, 568, 569, 570, 571, 572, 573, 574, 575, 576, 577, 578, 579, 580, 581, 582, 583, 584, 585, 586, 587, 588, 589, 590, 591, 592, 593, 594, 595, 596, 597, 598, 599, 600, 601, 602, 603, 604, 605, 606, 607, 608, 609, 610, 611, 612, 613, 614, 615, 616, 617, 618, 619, 620, 621, 622, 623, 624, 625, 626, 627, 628, 629, 630, 631, 632, 633, 634, 635, 636, 637, 638, 639, 640, 641, 642, 643, 644, 645, 646, 647, 648, 649, 650, 651, 652, 653, 654, 655, 656, 657, 658, 659, 660, 661, 662, 663, 664, 665, 666, 667, 668, 669, 670, 671, 672, 673, 674, 675, 676, 677, 678, 679, 680, 681, 682, 683, 684, 685, 686, 687, 688, 689, 690, 691, 692, 693, 694, 695, 696, 697, 698, 699, 700, 701, 702, 703, 704, 705, 706, 707, 708, 709, 710, 711, 712, 713, 714, 715, 716, 717, 718, 719, 720, 721, 722, 723, 724, 725, 726, 727, 728, 729, 730, 731, 732, 733, 734, 735, 736, 737, 738, 739, 740, 741, 742, 743, 744, 745, 746, 747, 748, 749, 750, 751, 752, 753, 754, 755, 756, 757, 758, 759, 760, 761, 762, 763, 764, 765, 766, 767, 768, 769, 770, 771, 772, 773, 774, 775, 776, 777, 778, 779, 780, 781, 782, 783, 784, 785, 786, 787, 788, 789, 790, 791, 792, 793, 794, 795, 796, 797, 798, 799, 800, 801, 802, 803, 804, 805, 806, 807, 808, 809, 810, 811, 812, 813, 814, 815, 816, 817, 818, 819, 820, 821, 822, 823, 824, 825, 826, 827, 828, 829, 830, 831, 832, 833, 834, 835, 836, 837, 838, 839, 840, 841, 842, 843, 844, 845, 846, 847, 848, 849, 850, 851, 852, 853, 854, 855, 856, 857, 858, 859, 860, 861, 862, 863, 864, 865, 866, 867, 868, 869, 870, 871, 872, 873, 874, 875, 876, 877, 878, 879, 880, 881, 882, 883, 884, 885, 886, 887, 888, 889, 890, 891, 892, 893, 894, 895, 896, 897, 898, 899, 900, 901, 902, 903, 904, 905, 906, 907, 908, 909, 910, 911, 912, 913, 914, 915, 916, 917, 918, 919, 920, 921, 922, 923, 924, 925, 926, 927, 928, 929, 930, 931, 932, 933, 934, 935, 936, 937, 938, 939, 940, 941, 942, 943, 944, 945, 946, 947, 948, 949, 950, 951, 952, 953, 954, 955, 956, 957, 958, 959, 960, 961, 962, 963, 964, 965, 966, 967, 968, 969, 970, 971, 972, 973, 974, 975, 976, 977, 978, 979, 980, 981, 982, 983, 984, 985, 986, 987, 988, 989, 990, 991, 992, 993, 994, 995, 996, 997, 998, 999]
