Bridges:
Cut vertices:
[642, 645, 647, 650, 524, 525, 530, 659, 660, 534, 662, 536, 537, 665, 670, 671, 543, 546, 675, 677, 678, 549, 552, 681, 553, 683, 556, 685, 558, 688, 561, 563, 693, 694, 696, 700, 573, 574, 575, 576, 705, 704, 579, 324, 578, 707, 583, 713, 586, 587, 332, 588, 585, 593, 338, 596, 597, 607, 613, 614, 615, 617, 618, 620, 630, 631, 637, 638]
Biconnected components:
[0, 32, 64, 16, 48, 65, 49, 2, 34, 66, 82, 3, 35, 19, 51, 83, 4, 36, 68, 20, 52, 5, 37, 69, 21, 6, 38, 22, 39, 71, 23, 87, 8, 72, 24, 89, 9, 41, 25, 90, 10, 42, 26, 58, 91, 11, 43, 27, 59, 60, 12, 44, 76, 28, 61, 13, 45, 77, 30, 62, 78, 31, 1, 80, 33, 50, 67, 84, 85, 54, 56, 88, 73, 57, 14, 63, 15, 47, 79, 17, 81, 53, 7, 55, 40, 74, 75, 29, 70, 86, 18, 92, 46]
[93, 96, 160, 192, 112, 144, 176, 209, 97, 129, 113, 145, 178, 98, 130, 162, 194, 114, 146, 179, 211, 131, 163, 115, 148, 180, 212, 132, 164, 196, 116, 149, 101, 133, 117, 150, 102, 166, 198, 118, 119, 151, 183, 215, 103, 167, 199, 120, 152, 184, 216, 104, 136, 200, 153, 217, 137, 169, 201, 154, 106, 138, 170, 123, 107, 139, 171, 203, 124, 156, 188, 108, 140, 172, 204, 125, 173, 205, 94, 158, 110, 142, 174, 206, 207, 127, 191, 111, 143, 175, 208, 128, 161, 195, 147, 100, 213, 165, 197, 182, 214, 168, 121, 122, 186, 202, 155, 187, 189, 109, 141, 126, 159, 95, 177, 210, 99, 181, 135, 185, 105, 190, 193, 157, 134]
[218, 256, 241, 225, 306, 226, 276, 277, 294, 247, 233, 267, 283, 269, 253, 317, 238, 222, 239, 219, 272, 304, 288, 321, 242, 274, 322, 323, 308, 228, 260, 262, 263, 266, 234, 268, 252, 221, 254, 271, 303, 223, 220, 273, 257, 275, 259, 244, 261, 246, 278, 310, 231, 248, 312, 315, 235, 300, 316, 236, 302, 240, 320, 291, 245, 309, 230, 280, 232, 297, 249, 250, 299, 284, 301, 255, 224, 279, 281, 282, 270, 243, 307, 264, 298, 251, 285, 258, 227, 311, 314, 286, 229, 295, 296, 319, 290, 292, 265, 305, 313, 293, 237, 289, 318, 287]
[330, 338]
[338, 359]
[332, 345]
[324, 385, 377, 378, 366, 325, 369, 370, 342, 376, 362, 332, 367, 383, 326, 346, 327, 338, 340, 375, 329, 328, 337, 373, 331, 374, 347, 380, 335, 352, 358, 360, 333, 349, 350, 336, 384, 343, 354, 339, 379, 341, 357, 363, 368, 348, 372, 353, 355, 382, 364, 356, 361, 381, 365, 386, 387]
[324, 334]
[388, 416, 417, 449, 481, 513, 401, 497, 418, 450, 482, 402, 434, 451, 483, 515, 403, 435, 467, 420, 516, 404, 436, 500, 501, 502, 390, 486, 518, 406, 438, 391, 423, 455, 407, 471, 504, 392, 424, 456, 408, 505, 521, 474, 394, 426, 458, 490, 522, 442, 443, 475, 507, 523, 411, 444, 476, 508, 396, 460, 492, 445, 477, 509, 461, 493, 413, 446, 478, 510, 398, 430, 494, 447, 479, 399, 431, 389, 480, 400, 432, 464, 466, 452, 468, 453, 517, 437, 469, 454, 470, 503, 487, 519, 439, 488, 520, 473, 457, 506, 410, 459, 491, 412, 429, 462, 415, 511, 463, 433, 514, 484, 421, 422, 440, 472, 409, 441, 427, 397, 414, 448, 496, 465, 499, 405, 393, 489, 395, 428, 495, 498, 419, 425, 512, 485]
[563, 635]
[546, 612]
[546, 669]
[546, 647]
[565, 675]
[637, 708]
[637, 678]
[678, 681]
[543, 681]
[543, 579]
[605, 607]
[607, 690]
[533, 614]
[607, 614]
[579, 607]
[530, 579]
[530, 677]
[665, 677]
[620, 665]
[561, 599]
[534, 619]
[534, 705]
[536, 655]
[536, 705]
[671, 697]
[537, 671]
[537, 597]
[643, 694]
[698, 704]
[542, 574]
[529, 683]
[683, 710]
[574, 683]
[549, 574]
[549, 593]
[638, 641]
[525, 639]
[525, 691, 571, 556, 601, 638]
[575, 666]
[548, 588]
[588, 596]
[596, 656]
[596, 660]
[650, 680]
[618, 650]
[618, 660]
[551, 713]
[527, 670]
[613, 670]
[587, 613]
[553, 562]
[553, 685]
[587, 685]
[587, 642]
[642, 713]
[558, 653]
[526, 688]
[583, 688]
[583, 684]
[583, 631]
[631, 645]
[645, 693]
[552, 663]
[586, 702]
[578, 586]
[544, 700]
[576, 700]
[524, 576, 625, 632, 535, 628, 711, 616, 545, 705, 597, 552, 604, 556, 570, 575, 557, 593, 693, 558, 654, 561, 704, 706, 682, 563, 689, 564, 577, 569, 660, 713, 703, 578, 595, 647, 590, 675, 620, 592, 594, 644, 694, 608, 674, 668]
[524, 572]
[630, 687]
[630, 696]
[662, 696]
[659, 662]
[538, 659]
[585, 686]
[541, 585]
[603, 707]
[600, 617]
[617, 707]
[615, 707]
[566, 615]
[568, 610]
[573, 633]
[573, 622]
[589, 646]
[598, 609]
[629, 673]
[636, 651]
[714, 720, 848, 770, 786, 818, 739, 835, 723, 787, 851, 772, 724, 852, 725, 757, 853, 774, 838, 758, 790, 823, 776, 840, 841, 793, 825, 762, 715, 779, 812, 829, 830, 814, 719, 751, 800, 784, 816, 736, 753, 817, 738, 740, 836, 756, 741, 773, 789, 806, 854, 807, 839, 791, 744, 728, 760, 792, 824, 745, 809, 843, 731, 732, 798, 782, 766, 735, 767, 716, 769, 834, 771, 803, 805, 822, 759, 746, 810, 842, 730, 794, 827, 795, 780, 844, 797, 749, 845, 733, 718, 750, 846, 734, 831, 717, 801, 785, 849, 802, 722, 742, 726, 775, 727, 808, 729, 778, 781, 815, 847, 819, 820, 837, 777, 761, 763, 765, 783, 832, 804, 743, 764, 799, 768, 737, 850, 755, 826, 811, 721, 752, 833, 754, 788, 821, 748, 747, 796, 813, 828]
[855, 928, 912, 865, 897, 929, 914, 915, 867, 931, 883, 916, 868, 900, 932, 884, 901, 933, 885, 918, 870, 902, 934, 919, 935, 888, 920, 872, 904, 921, 873, 905, 858, 890, 922, 874, 906, 891, 923, 875, 860, 892, 924, 876, 908, 861, 893, 909, 926, 878, 895, 879, 911, 856, 864, 896, 880, 881, 866, 930, 899, 917, 886, 871, 936, 857, 889, 937, 859, 907, 925, 877, 894, 863, 927, 898, 862, 882, 869, 887, 903, 910, 913]
[938, 947, 948, 980, 964, 949, 966, 998, 967, 953, 954, 986, 955, 987, 939, 971, 973, 958, 975, 959, 943, 960, 977, 993, 978, 994, 979, 982, 968, 970, 989, 991, 940, 944, 995, 996, 981, 950, 999, 952, 957, 990, 942, 941, 962, 963, 984, 969, 956, 988, 976, 945, 961, 972, 992, 946, 965, 951, 983, 985, 997, 974]
[344]
[351]
[371]
[528]
[531]
[532]
[539]
[540]
[547]
[550]
[554]
[555]
[559]
[560]
[567]
[580]
[581]
[582]
[584]
[591]
[602]
[606]
[611]
[621]
[623]
[624]
[626]
[627]
[634]
[640]
[648]
[649]
[652]
[657]
[658]
[661]
[664]
[667]
[672]
[676]
[679]
[692]
[695]
[699]
[701]
[709]
[712]
Connected components:
[714, 715, 716, 717, 718, 719, 720, 721, 722, 723, 724, 725, 726, 727, 728, 729, 730, 731, 732, 733, 734, 735, 736, 737, 738, 739, 740, 741, 742, 743, 744, 745, 746, 747, 748, 749, 750, 751, 752, 753, 754, 755, 756, 757, 758, 759, 760, 761, 762, 763, 764, 765, 766, 767, 768, 769, 770, 771, 772, 773, 774, 775, 776, 777, 778, 779, 780, 781, 782, 783, 784, 785, 786, 787, 788, 789, 790, 791, 792, 793, 794, 795, 796, 797, 798, 799, 800, 801, 802, 803, 804, 805, 806, 807, 808, 809, 810, 811, 812, 813, 814, 815, 816, 817, 818, 819, 820, 821, 822, 823, 824, 825, 826, 827, 828, 829, 830, 831, 832, 833, 834, 835, 836, 837, 838, 839, 840, 841, 842, 843, 844, 845, 846, 847, 848, 849, 850, 851, 852, 853, 854]
[388, 389, 390, 391, 392, 393, 394, 395, 396, 397, 398, 399, 400, 401, 402, 403, 404, 405, 406, 407, 408, 409, 410, 411, 412, 413, 414, 415, 416, 417, 418, 419, 420, 421, 422, 423, 424, 425, 426, 427, 428, 429, 430, 431, 432, 433, 434, 435, 436, 437, 438, 439, 440, 441, 442, 443, 444, 445, 446, 447, 448, 449, 450, 451, 452, 453, 454, 455, 456, 457, 458, 459, 460, 461, 462, 463, 464, 465, 466, 467, 468, 469, 470, 471, 472, 473, 474, 475, 476, 477, 478, 479, 480, 481, 482, 483, 484, 485, 486, 487, 488, 489, 490, 491, 492, 493, 494, 495, 496, 497, 498, 499, 500, 501, 502, 503, 504, 505, 506, 507, 508, 509, 510, 511, 512, 513, 514, 515, 516, 517, 518, 519, 520, 521, 522, 523]
[93, 94, 95, 96, 97, 98, 99, 100, 101, 102, 103, 104, 105, 106, 107, 108, 109, 110, 111, 112, 113, 114, 115, 116, 117, 118, 119, 120, 121, 122, 123, 124, 125, 126, 127, 128, 129, 130, 131, 132, 133, 134, 135, 136, 137, 138, 139, 140, 141, 142, 143, 144, 145, 146, 147, 148, 149, 150, 151, 152, 153, 154, 155, 156, 157, 158, 159, 160, 161, 162, 163, 164, 165, 166, 167, 168, 169, 170, 171, 172, 173, 174, 175, 176, 177, 178, 179, 180, 181, 182, 183, 184, 185, 186, 187, 188, 189, 190, 191, 192, 193, 194, 195, 196, 197, 198, 199, 200, 201, 202, 203, 204, 205, 206, 207, 208, 209, 210, 211, 212, 213, 214, 215, 216, 217]
[524, 525, 526, 527, 529, 530, 533, 534, 535, 536, 537, 542, 543, 544, 545, 546, 548, 549, 551, 552, 553, 556, 557, 558, 561, 562, 563, 564, 565, 569, 570, 571, 572, 574, 575, 576, 577, 578, 579, 583, 586, 587, 588, 590, 592, 593, 594, 595, 596, 597, 599, 601, 604, 605, 607, 608, 612, 613, 614, 616, 618, 619, 620, 625, 628, 631, 632, 635, 637, 638, 639, 641, 642, 643, 644, 645, 647, 650, 653, 654, 655, 656, 660, 663, 665, 666, 668, 669, 670, 671, 674, 675, 677, 678, 680, 681, 682, 683, 684, 685, 688, 689, 690, 691, 693, 694, 697, 698, 700, 702, 703, 704, 705, 706, 708, 710, 711, 713]
[218, 219, 220, 221, 222, 223, 224, 225, 226, 227, 228, 229, 230, 231, 232, 233, 234, 235, 236, 237, 238, 239, 240, 241, 242, 243, 244, 245, 246, 247, 248, 249, 250, 251, 252, 253, 254, 255, 256, 257, 258, 259, 260, 261, 262, 263, 264, 265, 266, 267, 268, 269, 270, 271, 272, 273, 274, 275, 276, 277, 278, 279, 280, 281, 282, 283, 284, 285, 286, 287, 288, 289, 290, 291, 292, 293, 294, 295, 296, 297, 298, 299, 300, 301, 302, 303, 304, 305, 306, 307, 308, 309, 310, 311, 312, 313, 314, 315, 316, 317, 318, 319, 320, 321, 322, 323]
[0, 1, 2, 3, 4, 5, 6, 7, 8, 9, 10, 11, 12, 13, 14, 15, 16, 17, 18, 19, 20, 21, 22, 23, 24, 25, 26, 27, 28, 29, 30, 31, 32, 33, 34, 35, 36, 37, 38, 39, 40, 41, 42, 43, 44, 45, 46, 47, 48, 49, 50, 51, 52, 53, 54, 55, 56, 57, 58, 59, 60, 61, 62, 63, 64, 65, 66, 67, 68, 69, 70, 71, 72, 73, 74, 75, 76, 77, 78, 79, 80, 81, 82, 83, 84, 85, 86, 87, 88, 89, 90, 91, 92]
[855, 856, 857, 858, 859, 860, 861, 862, 863, 864, 865, 866, 867, 868, 869, 870, 871, 872, 873, 874, 875, 876, 877, 878, 879, 880, 881, 882, 883, 884, 885, 886, 887, 888, 889, 890, 891, 892, 893, 894, 895, 896, 897, 898, 899, 900, 901, 902, 903, 904, 905, 906, 907, 908, 909, 910, 911, 912, 913, 914, 915, 916, 917, 918, 919, 920, 921, 922, 923, 924, 925, 926, 927, 928, 929, 930, 931, 932, 933, 934, 935, 936, 937]
[938, 939, 940, 941, 942, 943, 944, 945, 946, 947, 948, 949, 950, 951, 952, 953, 954, 955, 956, 957, 958, 959, 960, 961, 962, 963, 964, 965, 966, 967, 968, 969, 970, 971, 972, 973, 974, 975, 976, 977, 978, 979, 980, 981, 982, 983, 984, 985, 986, 987, 988, 989, 990, 991, 992, 993, 994, 995, 996, 997, 998, 999]
[324, 325, 326, 327, 328, 329, 330, 331, 332, 333, 334, 335, 336, 337, 338, 339, 340, 341, 342, 343, 345, 346, 347, 348, 349, 350, 352, 353, 354, 355, 356, 357, 358, 359, 360, 361, 362, 363, 364, 365, 366, 367, 368, 369, 370, 372, 373, 374, 375, 376, 377, 378, 379, 380, 381, 382, 383, 384, 385, 386, 387]
[538, 630, 659, 662, 687, 696]
[566, 600, 603, 615, 617, 707]
[541, 585, 686]
[573, 622, 633]
[568, 610]
[589, 646]
[598, 609]
[629, 673]
[636, 651]
[344]
[351]
[371]
[528]
[531]
[532]
[539]
[540]
[547]
[550]
[554]
[555]
[559]
[560]
[567]
[580]
[581]
[582]
[584]
[591]
[602]
[606]
[611]
[621]
[623]
[624]
[626]
[627]
[634]
[640]
[648]
[649]
[652]
[657]
[658]
[661]
[664]
[667]
[672]
[676]
[679]
[692]
[695]
[699]
[701]
[709]
[712]
