Bridges:
Cut vertices:
[876, 381]
Biconnected components:
[0, 2, 4, 21, 22, 7, 23, 25, 10, 11, 27, 13, 15, 1, 16, 3, 20, 17, 18, 6, 26, 12, 28, 14, 19, 9, 8, 24, 29, 30, 5]
[31, 64, 112, 144, 49, 81, 162, 114, 67, 99, 83, 115, 147, 132, 116, 69, 53, 85, 102, 134, 118, 119, 152, 136, 56, 89, 73, 57, 90, 122, 42, 123, 155, 59, 92, 61, 93, 157, 109, 62, 94, 78, 142, 159, 47, 111, 32, 97, 113, 50, 37, 150, 70, 74, 138, 43, 75, 124, 156, 44, 140, 125, 143, 33, 96, 128, 129, 161, 98, 52, 135, 55, 87, 120, 40, 77, 158, 110, 95, 127, 34, 48, 130, 148, 101, 117, 39, 103, 104, 121, 105, 137, 106, 58, 107, 108, 126, 63, 79, 35, 66, 82, 51, 68, 100, 149, 133, 71, 72, 153, 154, 91, 139, 60, 45, 141, 36, 65, 41, 131, 151, 76, 46, 38, 160, 145, 86, 84, 54, 80, 146, 88]
[163, 288, 209, 164, 292, 246, 215, 232, 297, 217, 203, 220, 237, 225, 212, 278, 167, 231, 280, 300, 205, 165, 211, 296, 252, 190, 166, 208, 194, 258, 290, 228, 181, 198, 298, 218, 282, 238, 239, 241, 242, 306, 243, 229, 199, 187, 253, 286, 207, 168, 304, 192, 224, 193, 177, 178, 202, 172, 173, 271, 255, 169, 274, 291, 293, 184, 216, 219, 236, 170, 307, 279, 251, 283, 204, 270, 302, 191, 171, 240, 245, 230, 247, 249, 265, 186, 234, 299, 256, 273, 289, 276, 248, 254, 259, 174, 303, 210, 275, 197, 182, 233, 266, 267, 284, 221, 223, 175, 176, 264, 189, 257, 308, 281, 272, 185, 213, 262, 179, 196, 295, 180, 226, 260, 214, 244, 235, 287, 195, 261, 183, 269, 250, 188, 206, 227, 200, 263, 301, 285, 294, 268, 305, 222, 277, 201]
[367, 381]
[309, 320, 370, 372, 390, 345, 377, 380, 382, 310, 337, 389, 311, 328, 360, 346, 315, 323, 341, 373, 342, 327, 330, 364, 383, 312, 355, 324, 326, 329, 313, 321, 354, 392, 314, 384, 353, 322, 319, 351, 316, 391, 379, 317, 369, 361, 378, 331, 365, 349, 318, 347, 339, 340, 344, 348, 385, 394, 381, 371, 325, 376, 363, 366, 334, 352, 393, 336, 388, 358, 332, 368, 343, 362, 359, 395, 335, 333, 357, 375, 386, 356, 338, 350, 387, 374]
[396, 416, 448, 480, 400, 432, 496, 417, 481, 401, 465, 418, 450, 482, 434, 466, 498, 419, 451, 499, 484, 436, 500, 405, 469, 501, 454, 486, 406, 438, 470, 423, 487, 407, 439, 504, 424, 456, 408, 440, 425, 457, 409, 506, 426, 458, 490, 443, 475, 427, 491, 476, 428, 492, 412, 461, 414, 478, 430, 447, 399, 431, 495, 397, 497, 402, 483, 435, 467, 452, 468, 421, 453, 485, 502, 422, 455, 472, 505, 441, 474, 410, 459, 460, 445, 493, 462, 494, 479, 463, 398, 433, 403, 404, 437, 488, 507, 444, 477, 429, 446, 464, 449, 471, 473, 489, 442, 420, 411, 503, 413, 415]
[508, 592, 544, 528, 513, 529, 626, 514, 578, 610, 642, 674, 595, 627, 515, 579, 643, 532, 628, 660, 565, 597, 677, 566, 662, 582, 663, 536, 520, 537, 633, 585, 538, 570, 602, 667, 555, 587, 572, 668, 653, 573, 605, 669, 638, 590, 511, 639, 671, 509, 624, 512, 593, 657, 545, 641, 659, 675, 564, 644, 534, 518, 519, 551, 664, 616, 522, 618, 620, 604, 588, 621, 525, 654, 558, 607, 510, 560, 673, 594, 658, 546, 547, 611, 516, 600, 650, 634, 554, 539, 603, 635, 652, 540, 556, 526, 623, 655, 575, 640, 561, 609, 530, 580, 533, 613, 646, 552, 584, 648, 553, 619, 637, 622, 574, 543, 527, 559, 608, 625, 548, 629, 661, 583, 666, 586, 523, 557, 606, 612, 630, 550, 599, 631, 651, 524, 672, 577, 562, 596, 549, 581, 645, 598, 647, 632, 601, 521, 670, 576, 563, 676, 567, 568, 569, 617, 589, 542, 656, 517, 649, 531, 615, 636, 591, 614, 665, 571, 541, 535]
[678, 768, 832, 688, 720, 704, 753, 785, 849, 770, 739, 803, 835, 723, 755, 819, 851, 804, 836, 692, 708, 741, 773, 725, 757, 789, 774, 806, 838, 726, 758, 790, 854, 679, 711, 775, 807, 680, 840, 760, 857, 681, 858, 842, 762, 826, 683, 779, 699, 731, 795, 828, 860, 748, 780, 844, 700, 764, 796, 797, 829, 861, 685, 813, 701, 765, 686, 750, 814, 734, 783, 847, 703, 784, 816, 801, 721, 802, 722, 754, 850, 771, 707, 740, 772, 788, 821, 694, 743, 839, 727, 759, 791, 823, 712, 744, 696, 728, 824, 713, 745, 777, 841, 778, 698, 730, 794, 715, 811, 843, 732, 717, 781, 733, 798, 830, 782, 831, 687, 751, 815, 752, 848, 769, 833, 705, 737, 834, 690, 786, 818, 691, 820, 837, 742, 822, 855, 808, 792, 697, 746, 827, 859, 747, 812, 718, 702, 799, 817, 706, 852, 709, 693, 853, 710, 695, 856, 776, 825, 763, 716, 749, 682, 800, 689, 738, 724, 809, 793, 714, 684, 846, 845, 766, 719, 767, 736, 787, 756, 805, 761, 735, 729, 810]
[863, 876]
[862, 881, 882, 869, 889, 892, 864, 880, 865, 866, 871, 875, 890, 891, 868, 886, 888, 872, 879, 867, 870, 873, 876, 878, 883, 887, 874, 884, 877, 885]
[893, 896, 905, 906, 908, 909, 894, 902, 907, 895, 912, 913, 914, 916, 918, 903, 897, 900, 917, 898, 901, 904, 899, 911, 915, 910]
[919, 976, 930, 931, 980, 981, 920, 939, 971, 973, 928, 977, 946, 962, 963, 932, 965, 967, 999, 953, 924, 941, 926, 958, 921, 992, 945, 995, 964, 952, 922, 938, 989, 974, 975, 991, 961, 979, 998, 983, 937, 987, 956, 923, 993, 978, 994, 947, 949, 933, 951, 969, 954, 950, 982, 935, 984, 985, 986, 925, 970, 960, 934, 955, 990, 927, 988, 972, 957, 929, 936, 944, 948, 966, 959, 997, 996, 940, 942, 968, 943]
Connected components:
[678, 679, 680, 681, 682, 683, 684, 685, 686, 687, 688, 689, 690, 691, 692, 693, 694, 695, 696, 697, 698, 699, 700, 701, 702, 703, 704, 705, 706, 707, 708, 709, 710, 711, 712, 713, 714, 715, 716, 717, 718, 719, 720, 721, 722, 723, 724, 725, 726, 727, 728, 729, 730, 731, 732, 733, 734, 735, 736, 737, 738, 739, 740, 741, 742, 743, 744, 745, 746, 747, 748, 749, 750, 751, 752, 753, 754, 755, 756, 757, 758, 759, 760, 761, 762, 763, 764, 765, 766, 767, 768, 769, 770, 771, 772, 773, 774, 775, 776, 777, 778, 779, 780, 781, 782, 783, 784, 785, 786, 787, 788, 789, 790, 791, 792, 793, 794, 795, 796, 797, 798, 799, 800, 801, 802, 803, 804, 805, 806, 807, 808, 809, 810, 811, 812, 813, 814, 815, 816, 817, 818, 819, 820, 821, 822, 823, 824, 825, 826, 827, 828, 829, 830, 831, 832, 833, 834, 835, 836, 837, 838, 839, 840, 841, 842, 843, 844, 845, 846, 847, 848, 849, 850, 851, 852, 853, 854, 855, 856, 857, 858, 859, 860, 861]
[508, 509, 510, 511, 512, 513, 514, 515, 516, 517, 518, 519, 520, 521, 522, 523, 524, 525, 526, 527, 528, 529, 530, 531, 532, 533, 534, 535, 536, 537, 538, 539, 540, 541, 542, 543, 544, 545, 546, 547, 548, 549, 550, 551, 552, 553, 554, 555, 556, 557, 558, 559, 560, 561, 562, 563, 564, 565, 566, 567, 568, 569, 570, 571, 572, 573, 574, 575, 576, 577, 578, 579, 580, 581, 582, 583, 584, 585, 586, 587, 588, 589, 590, 591, 592, 593, 594, 595, 596, 597, 598, 599, 600, 601, 602, 603, 604, 605, 606, 607, 608, 609, 610, 611, 612, 613, 614, 615, 616, 617, 618, 619, 620, 621, 622, 623, 624, 625, 626, 627, 628, 629, 630, 631, 632, 633, 634, 635, 636, 637, 638, 639, 640, 641, 642, 643, 644, 645, 646, 647, 648, 649, 650, 651, 652, 653, 654, 655, 656, 657, 658, 659, 660, 661, 662, 663, 664, 665, 666, 667, 668, 669, 670, 671, 672, 673, 674, 675, 676, 677]
[163, 164, 165, 166, 167, 168, 169, 170, 171, 172, 173, 174, 175, 176, 177, 178, 179, 180, 181, 182, 183, 184, 185, 186, 187, 188, 189, 190, 191, 192, 193, 194, 195, 196, 197, 198, 199, 200, 201, 202, 203, 204, 205, 206, 207, 208, 209, 210, 211, 212, 213, 214, 215, 216, 217, 218, 219, 220, 221, 222, 223, 224, 225, 226, 227, 228, 229, 230, 231, 232, 233, 234, 235, 236, 237, 238, 239, 240, 241, 242, 243, 244, 245, 246, 247, 248, 249, 250, 251, 252, 253, 254, 255, 256, 257, 258, 259, 260, 261, 262, 263, 264, 265, 266, 267, 268, 269, 270, 271, 272, 273, 274, 275, 276, 277, 278, 279, 280, 281, 282, 283, 284, 285, 286, 287, 288, 289, 290, 291, 292, 293, 294, 295, 296, 297, 298, 299, 300, 301, 302, 303, 304, 305, 306, 307, 308]
[31, 32, 33, 34, 35, 36, 37, 38, 39, 40, 41, 42, 43, 44, 45, 46, 47, 48, 49, 50, 51, 52, 53, 54, 55, 56, 57, 58, 59, 60, 61, 62, 63, 64, 65, 66, 67, 68, 69, 70, 71, 72, 73, 74, 75, 76, 77, 78, 79, 80, 81, 82, 83, 84, 85, 86, 87, 88, 89, 90, 91, 92, 93, 94, 95, 96, 97, 98, 99, 100, 101, 102, 103, 104, 105, 106, 107, 108, 109, 110, 111, 112, 113, 114, 115, 116, 117, 118, 119, 120, 121, 122, 123, 124, 125, 126, 127, 128, 129, 130, 131, 132, 133, 134, 135, 136, 137, 138, 139, 140, 141, 142, 143, 144, 145, 146, 147, 148, 149, 150, 151, 152, 153, 154, 155, 156, 157, 158, 159, 160, 161, 162]
[396, 397, 398, 399, 400, 401, 402, 403, 404, 405, 406, 407, 408, 409, 410, 411, 412, 413, 414, 415, 416, 417, 418, 419, 420, 421, 422, 423, 424, 425, 426, 427, 428, 429, 430, 431, 432, 433, 434, 435, 436, 437, 438, 439, 440, 441, 442, 443, 444, 445, 446, 447, 448, 449, 450, 451, 452, 453, 454, 455, 456, 457, 458, 459, 460, 461, 462, 463, 464, 465, 466, 467, 468, 469, 470, 471, 472, 473, 474, 475, 476, 477, 478, 479, 480, 481, 482, 483, 484, 485, 486, 487, 488, 489, 490, 491, 492, 493, 494, 495, 496, 497, 498, 499, 500, 501, 502, 503, 504, 505, 506, 507]
[309, 310, 311, 312, 313, 314, 315, 316, 317, 318, 319, 320, 321, 322, 323, 324, 325, 326, 327, 328, 329, 330, 331, 332, 333, 334, 335, 336, 337, 338, 339, 340, 341, 342, 343, 344, 345, 346, 347, 348, 349, 350, 351, 352, 353, 354, 355, 356, 357, 358, 359, 360, 361, 362, 363, 364, 365, 366, 367, 368, 369, 370, 371, 372, 373, 374, 375, 376, 377, 378, 379, 380, 381, 382, 383, 384, 385, 386, 387, 388, 389, 390, 391, 392, 393, 394, 395]
[919, 920, 921, 922, 923, 924, 925, 926, 927, 928, 929, 930, 931, 932, 933, 934, 935, 936, 937, 938, 939, 940, 941, 942, 943, 944, 945, 946, 947, 948, 949, 950, 951, 952, 953, 954, 955, 956, 957, 958, 959, 960, 961, 962, 963, 964, 965, 966, 967, 968, 969, 970, 971, 972, 973, 974, 975, 976, 977, 978, 979, 980, 981, 982, 983, 984, 985, 986, 987, 988, 989, 990, 991, 992, 993, 994, 995, 996, 997, 998, 999]
[0, 1, 2, 3, 4, 5, 6, 7, 8, 9, 10, 11, 12, 13, 14, 15, 16, 17, 18, 19, 20, 21, 22, 23, 24, 25, 26, 27, 28, 29, 30]
[862, 863, 864, 865, 866, 867, 868, 869, 870, 871, 872, 873, 874, 875, 876, 877, 878, 879, 880, 881, 882, 883, 884, 885, 886, 887, 888, 889, 890, 891, 892]
[893, 894, 895, 896, 897, 898, 899, 900, 901, 902, 903, 904, 905, 906, 907, 908, 909, 910, 911, 912, 913, 914, 915, 916, 917, 918]
