Bridges:
(238, 487)
(830, 982)
Cut vertices:
[982, 238]
Biconnected components:
[238, 487]
[830, 982]
[0, 544, 646, 631, 536, 953, 219, 284, 605, 141, 525, 1, 594, 786, 85, 2, 448, 708, 453, 870, 183, 411, 828, 670, 3, 32, 624, 388, 756, 409, 108, 700, 4, 384, 596, 804, 20, 260, 344, 235, 77, 5, 208, 769, 514, 419, 643, 709, 774, 775, 680, 8, 377, 187, 444, 845, 6, 739, 261, 7, 777, 841, 910, 942, 879, 869, 374, 263, 137, 474, 314, 906, 58, 862, 127, 432, 531, 343, 425, 281, 345, 282, 12, 220, 9, 327, 457, 57, 265, 635, 316, 940, 10, 257, 979, 165, 921, 714, 42, 476, 509, 157, 527, 11, 64, 784, 177, 809, 666, 874, 507, 555, 478, 782, 258, 69, 535, 903, 280, 538, 155, 44, 861, 13, 608, 802, 36, 53, 312, 14, 833, 67, 131, 660, 324, 645, 103, 375, 652, 15, 96, 192, 945, 817, 323, 693, 677, 743, 367, 351, 16, 963, 724, 149, 23, 585, 651, 477, 781, 317, 701, 17, 737, 501, 38, 823, 202, 508, 748, 269, 750, 18, 272, 787, 491, 45, 429, 557, 814, 590, 19, 209, 451, 372, 134, 438, 935, 264, 985, 602, 459, 350, 495, 368, 276, 584, 648, 154, 364, 21, 481, 66, 373, 853, 699, 684, 22, 304, 116, 39, 519, 778, 859, 412, 993, 565, 933, 422, 808, 218, 522, 475, 811, 909, 735, 24, 576, 273, 937, 188, 908, 414, 318, 25, 416, 370, 548, 981, 518, 876, 732, 991, 26, 977, 978, 194, 674, 611, 359, 295, 136, 191, 27, 70, 503, 552, 121, 381, 28, 930, 150, 511, 29, 193, 306, 339, 52, 550, 854, 393, 204, 93, 301, 30, 145, 692, 229, 469, 413, 543, 31, 929, 274, 898, 468, 352, 919, 55, 728, 570, 604, 812, 797, 33, 944, 49, 867, 873, 810, 813, 974, 687, 34, 803, 107, 156, 844, 221, 559, 35, 224, 449, 259, 308, 166, 758, 86, 462, 789, 871, 456, 524, 733, 37, 401, 498, 138, 938, 446, 159, 383, 534, 520, 892, 348, 80, 673, 834, 402, 791, 872, 169, 40, 130, 691, 467, 132, 392, 200, 715, 41, 768, 625, 707, 939, 399, 672, 51, 212, 439, 794, 238, 43, 720, 992, 199, 139, 653, 911, 48, 129, 290, 307, 102, 967, 305, 433, 947, 788, 167, 267, 523, 46, 68, 664, 440, 106, 47, 528, 806, 73, 730, 410, 203, 461, 815, 288, 117, 262, 424, 795, 989, 206, 961, 292, 486, 719, 751, 50, 915, 228, 614, 727, 111, 480, 897, 529, 835, 104, 105, 554, 655, 560, 502, 582, 568, 311, 779, 54, 81, 435, 932, 902, 583, 603, 493, 654, 190, 494, 112, 785, 516, 663, 712, 744, 88, 793, 988, 973, 990, 56, 852, 821, 428, 753, 573, 59, 178, 248, 201, 606, 63, 175, 60, 729, 61, 966, 216, 249, 62, 928, 689, 745, 441, 637, 400, 147, 996, 839, 330, 658, 850, 114, 390, 215, 184, 616, 394, 671, 65, 240, 144, 483, 404, 943, 665, 252, 972, 302, 593, 690, 244, 541, 609, 181, 278, 122, 877, 723, 180, 185, 172, 445, 574, 336, 322, 153, 954, 479, 927, 71, 337, 162, 546, 115, 500, 299, 285, 319, 72, 818, 74, 842, 587, 717, 738, 387, 868, 997, 760, 275, 356, 900, 533, 566, 895, 75, 551, 952, 297, 236, 334, 926, 76, 704, 389, 378, 205, 562, 243, 485, 950, 376, 986, 588, 237, 734, 78, 465, 470, 984, 713, 443, 572, 79, 832, 994, 179, 595, 644, 934, 601, 513, 962, 331, 332, 893, 333, 657, 913, 716, 82, 291, 279, 109, 83, 916, 772, 980, 628, 836, 697, 556, 189, 669, 941, 84, 497, 964, 610, 899, 612, 615, 856, 969, 682, 126, 87, 338, 499, 757, 858, 762, 703, 752, 914, 230, 889, 542, 110, 975, 623, 89, 450, 452, 421, 197, 90, 706, 819, 597, 824, 217, 251, 91, 406, 888, 617, 825, 92, 626, 627, 662, 790, 407, 633, 521, 158, 94, 849, 371, 405, 634, 170, 95, 434, 403, 472, 683, 540, 100, 667, 97, 161, 358, 391, 125, 349, 415, 98, 496, 532, 118, 255, 99, 577, 773, 247, 135, 186, 287, 948, 101, 386, 423, 539, 395, 731, 995, 725, 907, 619, 231, 647, 207, 607, 771, 837, 233, 698, 227, 598, 567, 586, 315, 764, 471, 168, 878, 591, 924, 675, 547, 286, 581, 579, 506, 622, 113, 578, 805, 173, 686, 254, 695, 894, 242, 362, 917, 353, 517, 182, 678, 195, 214, 936, 668, 621, 119, 163, 661, 549, 965, 120, 755, 918, 268, 340, 949, 213, 489, 222, 123, 124, 736, 650, 176, 225, 676, 890, 957, 767, 882, 822, 361, 589, 128, 640, 360, 722, 289, 798, 458, 143, 293, 968, 133, 473, 880, 464, 151, 765, 718, 982, 246, 563, 140, 847, 484, 437, 142, 816, 848, 826, 801, 620, 253, 799, 328, 313, 526, 146, 851, 613, 887, 398, 710, 618, 148, 211, 363, 431, 860, 780, 241, 886, 999, 152, 226, 761, 923, 925, 310, 983, 504, 417, 271, 300, 558, 641, 884, 958, 571, 160, 488, 829, 369, 649, 164, 749, 463, 976, 250, 174, 702, 592, 840, 639, 357, 970, 875, 800, 418, 838, 171, 245, 564, 922, 505, 454, 864, 688, 960, 632, 569, 234, 365, 638, 705, 896, 711, 905, 342, 956, 831, 510, 807, 855, 442, 277, 326, 741, 196, 512, 681, 198, 971, 955, 881, 436, 355, 354, 866, 210, 346, 763, 656, 746, 770, 630, 863, 482, 492, 843, 685, 599, 223, 820, 920, 320, 766, 883, 408, 721, 232, 904, 382, 239, 515, 580, 998, 747, 379, 846, 283, 329, 783, 901, 256, 455, 951, 575, 885, 426, 430, 335, 266, 325, 270, 321, 545, 420, 891, 380, 636, 553, 600, 912, 796, 537, 679, 294, 296, 987, 827, 298, 792, 366, 303, 309, 397, 347, 742, 642, 659, 447, 629, 946, 341, 466, 694, 931, 530, 857, 561, 385, 396, 865, 696, 754, 427, 759, 959, 726, 460, 776, 740, 490]
Connected components:
[0, 1, 2, 3, 4, 5, 6, 7, 8, 9, 10, 11, 12, 13, 14, 15, 16, 17, 18, 19, 20, 21, 22, 23, 24, 25, 26, 27, 28, 29, 30, 31, 32, 33, 34, 35, 36, 37, 38, 39, 40, 41, 42, 43, 44, 45, 46, 47, 48, 49, 50, 51, 52, 53, 54, 55, 56, 57, 58, 59, 60, 61, 62, 63, 64, 65, 66, 67, 68, 69, 70, 71, 72, 73, 74, 75, 76, 77, 78, 79, 80, 81, 82, 83, 84, 85, 86, 87, 88, 89, 90, 91, 92, 93, 94, 95, 96, 97, 98, 99, 100, 101, 102, 103, 104, 105, 106, 107, 108, 109, 110, 111, 112, 113, 114, 115, 116, 117, 118, 119, 120, 121, 122, 123, 124, 125, 126, 127, 128, 129, 130, 131, 132, 133, 134, 135, 136, 137, 138, 139, 140, 141, 142, 143, 144, 145, 146, 147, 148, 149, 150, 151, 152, 153, 154, 155, 156, 157, 158, 159, 160, 161, 162, 163, 164, 165, 166, 167, 168, 169, 170, 171, 172, 173, 174, 175, 176, 177, 178, 179, 180, 181, 182, 183, 184, 185, 186, 187, 188, 189, 190, 191, 192, 193, 194, 195, 196, 197, 198, 199, 200, 201, 202, 203, 204, 205, 206, 207, 208, 209, 210, 211, 212, 213, 214, 215, 216, 217, 218, 219, 220, 221, 222, 223, 224, 225, 226, 227, 228, 229, 230, 231, 232, 233, 234, 235, 236, 237, 238, 239, 240, 241, 242, 243, 244, 245, 246, 247, 248, 249, 250, 251, 252, 253, 254, 255, 256, 257, 258, 259, 260, 261, 262, 263, 264, 265, 266, 267, 268, 269, 270, 271, 272, 273, 274, 275, 276, 277, 278, 279, 280, 281, 282, 283, 284, 285, 286, 287, 288, 289, 290, 291, 292, 293, 294, 295, 296, 297, 298, 299, 300, 301, 302, 303, 304, 305, 306, 307, 308, 309, 310, 311, 312, 313, 314, 315, 316, 317, 318, 319, 320, 321, 322, 323, 324, 325, 326, 327, 328, 329, 330, 331, 332, 333, 334, 335, 336, 337, 338, 339, 340, 341, 342, 343, 344, 345, 346, 347, 348, 349, 350, 351, 352, 353, 354, 355, 356, 357, 358, 359, 360, 361, 362, 363, 364, 365, 366, 367, 368, 369, 370, 371, 372, 373, 374, 375, 376, 377, 378, 379, 380, 381, 382, 383, 384, 385, 386, 387, 388, 389, 390, 391, 392, 393, 394, 395, 396, 397, 398, 399, 400, 401, 402, 403, 404, 405, 406, 407, 408, 409, 410, 411, 412, 413, 414, 415, 416, 417, 418, 419, 420, 421, 422, 423, 424, 425, 426, 427, 428, 429, 430, 431, 432, 433, 434, 435, 436, 437, 438, 439, 440, 441, 442, 443, 444, 445, 446, 447, 448, 449, 450, 451, 452, 453, 454, 455, 456, 457, 458, 459, 460, 461, 462, 463, 464, 465, 466, 467, 468, 469, 470, 471, 472, 473, 474, 475, 476, 477, 478, 479, 480, 481, 482, 483, 484, 485, 486, 487, 488, 489, 490, 491, 492, 493, 494, 495, 496, 497, 498, 499, 500, 501, 502, 503, 504, 505, 506, 507, 508, 509, 510, 511, 512, 513, 514, 515, 516, 517, 518, 519, 520, 521, 522, 523, 524, 525, 526, 527, 528, 529, 530, 531, 532, 533, 534, 535, 536, 537, 538, 539, 540, 541, 542, 543, 544, 545, 546, 547, 548, 549, 550, 551, 552, 553, 554, 555, 556, 557, 558, 559, 560, 561, 562, 563, 564, 565, 566, 567, 568, 569, 570, 571, 572, 573, 574, 575, 576, 577, 578, 579, 580, 581, 582, 583, 584, 585, 586, 587, 588, 589, 590, 591, 592, 593, 594, 595, 596, 597, 598, 599, 600, 601, 602, 603, 604, 605, 606, 607, 608, 609, 610, 611, 612, 613, 614, 615, 616, 617, 618, 619, 620, 621, 622, 623, 624, 625, 626, 627, 628, 629, 630, 631, 632, 633, 634, 635, 636, 637, 638, 639, 640, 641, 642, 643, 644, 645, 646, 647, 648, 649, 650, 651, 652, 653, 654, 655, 656, 657, 658, 659, 660, 661, 662, 663, 664, 665, 666, 667, 668, 669, 670, 671, 672, 673, 674, 675, 676, 677, 678, 679, 680, 681, 682, 683, 684, 685, 686, 687, 688, 689, 690, 691, 692, 693, 694, 695, 696, 697, 698, 699, 700, 701, 702, 703, 704, 705, 706, 707, 708, 709, 710, 711, 712, 713, 714, 715, 716, 717, 718, 719, 720, 721, 722, 723, 724, 725, 726, 727, 728, 729, 730, 731, 732, 733, 734, 735, 736, 737, 738, 739, 740, 741, 742, 743, 744, 745, 746, 747, 748, 749, 750, 751, 752, 753, 754, 755, 756, 757, 758, 759, 760, 761, 762, 763, 764, 765, 766, 767, 768, 769, 770, 771, 772, 773, 774, 775, 776, 777, 778, 779, 780, 781, 782, 783, 784, 785, 786, 787, 788, 789, 790, 791, 792, 793, 794, 795, 796, 797, 798, 799, 800, 801, 802, 803, 804, 805, 806, 807, 808, 809, 810, 811, 812, 813, 814, 815, 816, 817, 818, 819, 820, 821, 822, 823, 824, 825, 826, 827, 828, 829, 830, 831, 832, 833, 834, 835, 836, 837, 838, 839, 840, 841, 842, 843, 844, 845, 846, 847, 848, 849, 850, 851, 852, 853, 854, 855, 856, 857, 858, 859, 860, 861, 862, 863, 864, 865, 866, 867, 868, 869, 870, 871, 872, 873, 874, 875, 876, 877, 878, 879, 880, 881, 882, 883, 884, 885, 886, 887, 888, 889, 890, 891, 892, 893, 894, 895, 896, 897, 898, 899, 900, 901, 902, 903, 904, 905, 906, 907, 908, 909, 910, 911, 912, 913, 914, 915, 916, 917, 918, 919, 920, 921, 922, 923, 924, 925, 926, 927, 928, 929, 930, 931, 932, 933, 934, 935, 936, 937, 938, 939, 940, 941, 942, 943, 944, 945, 946, 947, 948, 949, 950, 951, 952, 953, 954, 955, 956, 957, 958, 959, 960, 961, 962, 963, 964, 965, 966, 967, 968, 969, 970, 971, 972, 973, 974, 975, 976, 977, 978, 979, 980, 981, 982, 983, 984, 985, 986, 987, 988, 989, 990, 991, 992, 993, 994, 995, 996, 997, 998, 999]
