Bridges:
(171, 663)
(223, 835)
Cut vertices:
[663, 223]
Biconnected components:
[171, 663]
[223, 835]
[0, 208, 419, 67, 516, 438, 503, 728, 650, 394, 314, 907, 493, 349, 30, 719, 1, 946, 356, 277, 582, 281, 749, 606, 575, 2, 453, 613, 502, 550, 695, 154, 92, 830, 158, 590, 3, 163, 532, 278, 585, 441, 699, 203, 733, 350, 351, 4, 897, 705, 515, 629, 662, 934, 856, 88, 714, 635, 668, 524, 93, 813, 559, 5, 720, 865, 402, 882, 483, 883, 597, 568, 985, 875, 286, 6, 322, 788, 949, 406, 887, 791, 505, 362, 238, 446, 799, 367, 7, 101, 536, 665, 765, 8, 257, 770, 722, 596, 900, 392, 520, 169, 218, 9, 272, 34, 498, 868, 792, 745, 601, 265, 860, 829, 10, 118, 359, 936, 824, 956, 365, 11, 146, 565, 805, 200, 155, 12, 624, 832, 673, 358, 487, 615, 439, 360, 666, 811, 125, 190, 13, 960, 452, 308, 373, 182, 279, 152, 264, 713, 335, 14, 209, 434, 627, 131, 420, 581, 843, 477, 685, 317, 910, 15, 17, 851, 917, 341, 935, 748, 45, 16, 354, 372, 644, 821, 374, 998, 199, 873, 986, 170, 363, 140, 366, 577, 135, 456, 537, 891, 109, 18, 672, 898, 245, 86, 296, 393, 521, 506, 554, 812, 876, 19, 320, 49, 258, 466, 291, 647, 794, 766, 20, 304, 82, 311, 968, 204, 655, 927, 21, 64, 482, 404, 230, 25, 61, 909, 959, 22, 160, 849, 274, 789, 885, 313, 345, 382, 23, 480, 977, 689, 549, 216, 782, 24, 288, 609, 872, 443, 76, 460, 285, 751, 703, 640, 177, 562, 850, 211, 323, 52, 693, 712, 952, 220, 77, 287, 26, 738, 418, 37, 59, 814, 27, 710, 567, 823, 104, 138, 413, 28, 528, 83, 115, 147, 149, 327, 759, 56, 648, 185, 41, 302, 29, 400, 215, 263, 232, 889, 110, 97, 626, 306, 994, 836, 982, 679, 538, 458, 331, 412, 301, 31, 401, 197, 743, 631, 186, 234, 894, 32, 754, 196, 951, 859, 877, 942, 895, 223, 33, 928, 161, 433, 307, 931, 164, 219, 670, 767, 336, 144, 692, 840, 126, 35, 833, 435, 213, 903, 457, 111, 36, 691, 357, 918, 758, 600, 905, 75, 557, 542, 239, 815, 48, 165, 983, 73, 139, 415, 38, 305, 465, 178, 709, 326, 902, 440, 587, 156, 284, 39, 576, 866, 916, 261, 201, 938, 586, 892, 863, 159, 40, 694, 800, 817, 803, 324, 857, 42, 184, 157, 43, 224, 660, 260, 730, 46, 44, 561, 659, 726, 166, 233, 922, 954, 490, 571, 347, 828, 461, 752, 289, 706, 564, 484, 246, 838, 744, 378, 924, 206, 899, 612, 105, 926, 494, 271, 847, 47, 243, 132, 725, 501, 632, 522, 715, 844, 588, 573, 290, 292, 677, 855, 74, 990, 929, 375, 827, 780, 430, 79, 50, 578, 595, 325, 70, 987, 540, 207, 51, 802, 531, 102, 343, 737, 834, 610, 84, 468, 517, 476, 53, 822, 967, 379, 54, 592, 371, 616, 249, 682, 669, 55, 464, 825, 602, 319, 210, 181, 696, 846, 463, 57, 192, 231, 87, 328, 124, 783, 58, 469, 630, 646, 504, 395, 913, 355, 267, 747, 175, 60, 678, 519, 523, 316, 62, 63, 68, 886, 472, 687, 704, 273, 513, 552, 793, 428, 236, 431, 688, 721, 391, 680, 427, 848, 611, 100, 950, 72, 123, 555, 189, 65, 997, 188, 66, 256, 781, 639, 816, 753, 514, 818, 148, 167, 784, 116, 69, 396, 237, 205, 741, 774, 633, 94, 962, 664, 923, 71, 432, 786, 120, 492, 133, 570, 831, 643, 839, 283, 653, 191, 344, 303, 628, 183, 746, 202, 414, 656, 451, 497, 247, 455, 217, 78, 512, 113, 179, 760, 315, 333, 975, 495, 481, 684, 80, 593, 242, 980, 996, 426, 634, 796, 383, 81, 195, 995, 259, 407, 95, 405, 853, 134, 280, 958, 607, 228, 525, 755, 779, 508, 85, 776, 153, 454, 654, 702, 641, 162, 787, 756, 870, 470, 474, 89, 544, 777, 90, 642, 91, 429, 240, 579, 964, 250, 955, 108, 732, 526, 384, 698, 591, 735, 645, 527, 546, 717, 637, 398, 879, 96, 368, 965, 683, 761, 98, 912, 530, 411, 445, 99, 339, 750, 551, 269, 888, 270, 103, 618, 447, 742, 775, 663, 701, 768, 978, 248, 254, 106, 901, 107, 329, 619, 294, 488, 681, 421, 988, 112, 708, 295, 507, 511, 563, 921, 878, 114, 566, 390, 235, 572, 545, 881, 690, 370, 424, 299, 117, 276, 686, 369, 534, 119, 193, 594, 548, 617, 388, 212, 425, 121, 529, 651, 348, 543, 122, 809, 890, 700, 598, 300, 423, 871, 297, 947, 518, 915, 842, 127, 352, 930, 255, 128, 471, 129, 933, 151, 130, 727, 972, 979, 293, 797, 173, 993, 198, 535, 321, 409, 837, 966, 623, 136, 769, 137, 252, 944, 675, 500, 661, 150, 342, 773, 141, 826, 605, 142, 969, 143, 984, 861, 226, 904, 491, 145, 764, 974, 961, 385, 584, 253, 622, 919, 734, 911, 403, 560, 214, 614, 957, 450, 976, 884, 649, 893, 558, 346, 724, 194, 806, 408, 298, 479, 772, 485, 862, 580, 906, 399, 608, 176, 937, 168, 553, 778, 819, 790, 943, 172, 925, 381, 569, 174, 262, 416, 864, 636, 973, 948, 380, 541, 992, 539, 180, 707, 410, 509, 364, 795, 251, 187, 417, 353, 981, 845, 914, 971, 444, 940, 621, 858, 658, 338, 282, 475, 386, 547, 499, 337, 244, 275, 731, 763, 309, 674, 723, 222, 422, 908, 221, 740, 999, 589, 448, 225, 920, 970, 227, 486, 389, 229, 496, 736, 467, 820, 332, 361, 896, 533, 989, 991, 473, 574, 241, 638, 377, 437, 459, 762, 478, 671, 667, 854, 739, 953, 603, 556, 939, 462, 785, 869, 266, 599, 268, 340, 852, 874, 583, 510, 310, 387, 657, 312, 449, 867, 729, 941, 716, 711, 604, 808, 625, 963, 334, 880, 676, 801, 318, 330, 376, 757, 810, 945, 841, 718, 932, 798, 436, 771, 489, 804, 807, 442, 397, 620, 697, 652]
Connected components:
[0, 1, 2, 3, 4, 5, 6, 7, 8, 9, 10, 11, 12, 13, 14, 15, 16, 17, 18, 19, 20, 21, 22, 23, 24, 25, 26, 27, 28, 29, 30, 31, 32, 33, 34, 35, 36, 37, 38, 39, 40, 41, 42, 43, 44, 45, 46, 47, 48, 49, 50, 51, 52, 53, 54, 55, 56, 57, 58, 59, 60, 61, 62, 63, 64, 65, 66, 67, 68, 69, 70, 71, 72, 73, 74, 75, 76, 77, 78, 79, 80, 81, 82, 83, 84, 85, 86, 87, 88, 89, 90, 91, 92, 93, 94, 95, 96, 97, 98, 99, 100, 101, 102, 103, 104, 105, 106, 107, 108, 109, 110, 111, 112, 113, 114, 115, 116, 117, 118, 119, 120, 121, 122, 123, 124, 125, 126, 127, 128, 129, 130, 131, 132, 133, 134, 135, 136, 137, 138, 139, 140, 141, 142, 143, 144, 145, 146, 147, 148, 149, 150, 151, 152, 153, 154, 155, 156, 157, 158, 159, 160, 161, 162, 163, 164, 165, 166, 167, 168, 169, 170, 171, 172, 173, 174, 175, 176, 177, 178, 179, 180, 181, 182, 183, 184, 185, 186, 187, 188, 189, 190, 191, 192, 193, 194, 195, 196, 197, 198, 199, 200, 201, 202, 203, 204, 205, 206, 207, 208, 209, 210, 211, 212, 213, 214, 215, 216, 217, 218, 219, 220, 221, 222, 223, 224, 225, 226, 227, 228, 229, 230, 231, 232, 233, 234, 235, 236, 237, 238, 239, 240, 241, 242, 243, 244, 245, 246, 247, 248, 249, 250, 251, 252, 253, 254, 255, 256, 257, 258, 259, 260, 261, 262, 263, 264, 265, 266, 267, 268, 269, 270, 271, 272, 273, 274, 275, 276, 277, 278, 279, 280, 281, 282, 283, 284, 285, 286, 287, 288, 289, 290, 291, 292, 293, 294, 295, 296, 297, 298, 299, 300, 301, 302, 303, 304, 305, 306, 307, 308, 309, 310, 311, 312, 313, 314, 315, 316, 317, 318, 319, 320, 321, 322, 323, 324, 325, 326, 327, 328, 329, 330, 331, 332, 333, 334, 335, 336, 337, 338, 339, 340, 341, 342, 343, 344, 345, 346, 347, 348, 349, 350, 351, 352, 353, 354, 355, 356, 357, 358, 359, 360, 361, 362, 363, 364, 365, 366, 367, 368, 369, 370, 371, 372, 373, 374, 375, 376, 377, 378, 379, 380, 381, 382, 383, 384, 385, 386, 387, 388, 389, 390, 391, 392, 393, 394, 395, 396, 397, 398, 399, 400, 401, 402, 403, 404, 405, 406, 407, 408, 409, 410, 411, 412, 413, 414, 415, 416, 417, 418, 419, 420, 421, 422, 423, 424, 425, 426, 427, 428, 429, 430, 431, 432, 433, 434, 435, 436, 437, 438, 439, 440, 441, 442, 443, 444, 445, 446, 447, 448, 449, 450, 451, 452, 453, 454, 455, 456, 457, 458, 459, 460, 461, 462, 463, 464, 465, 466, 467, 468, 469, 470, 471, 472, 473, 474, 475, 476, 477, 478, 479, 480, 481, 482, 483, 484, 485, 486, 487, 488, 489, 490, 491, 492, 493, 494, 495, 496, 497, 498, 499, 500, 501, 502, 503, 504, 505, 506, 507, 508, 509, 510, 511, 512, 513, 514, 515, 516, 517, 518, 519, 520, 521, 522, 523, 524, 525, 526, 527, 528, 529, 530, 531, 532, 533, 534, 535, 536, 537, 538, 539, 540, 541, 542, 543, 544, 545, 546, 547, 548, 549, 550, 551, 552, 553, 554, 555, 556, 557, 558, 559, 560, 561, 562, 563, 564, 565, 566, 567, 568, 569, 570, 571, 572, 573, 574, 575, 576, 577, 578, 579, 580, 581, 582, 583, 584, 585, 586, 587, 588, 589, 590, 591, 592, 593, 594, 595, 596, 597, 598, 599, 600, 601, 602, 603, 604, 605, 606, 607, 608, 609, 610, 611, 612, 613, 614, 615, 616, 617, 618, 619, 620, 621, 622, 623, 624, 625, 626, 627, 628, 629, 630, 631, 632, 633, 634, 635, 636, 637, 638, 639, 640, 641, 642, 643, 644, 645, 646, 647, 648, 649, 650, 651, 652, 653, 654, 655, 656, 657, 658, 659, 660, 661, 662, 663, 664, 665, 666, 667, 668, 669, 670, 671, 672, 673, 674, 675, 676, 677, 678, 679, 680, 681, 682, 683, 684, 685, 686, 687, 688, 689, 690, 691, 692, 693, 694, 695, 696, 697, 698, 699, 700, 701, 702, 703, 704, 705, 706, 707, 708, 709, 710, 711, 712, 713, 714, 715, 716, 717, 718, 719, 720, 721, 722, 723, 724, 725, 726, 727, 728, 729, 730, 731, 732, 733, 734, 735, 736, 737, 738, 739, 740, 741, 742, 743, 744, 745, 746, 747, 748, 749, 750, 751, 752, 753, 754, 755, 756, 757, 758, 759, 760, 761, 762, 763, 764, 765, 766, 767, 768, 769, 770, 771, 772, 773, 774, 775, 776, 777, 778, 779, 780, 781, 782, 783, 784, 785, 786, 787, 788, 789, 790, 791, 792, 793, 794, 795, 796, 797, 798, 799, 800, 801, 802, 803, 804, 805, 806, 807, 808, 809, 810, 811, 812, 813, 814, 815, 816, 817, 818, 819, 820, 821, 822, 823, 824, 825, 826, 827, 828, 829, 830, 831, 832, 833, 834, 835, 836, 837, 838, 839, 840, 841, 842, 843, 844, 845, 846, 847, 848, 849, 850, 851, 852, 853, 854, 855, 856, 857, 858, 859, 860, 861, 862, 863, 864, 865, 866, 867, 868, 869, 870, 871, 872, 873, 874, 875, 876, 877, 878, 879, 880, 881, 882, 883, 884, 885, 886, 887, 888, 889, 890, 891, 892, 893, 894, 895, 896, 897, 898, 899, 900, 901, 902, 903, 904, 905, 906, 907, 908, 909, 910, 911, 912, 913, 914, 915, 916, 917, 918, 919, 920, 921, 922, 923, 924, 925, 926, 927, 928, 929, 930, 931, 932, 933, 934, 935, 936, 937, 938, 939, 940, 941, 942, 943, 944, 945, 946, 947, 948, 949, 950, 951, 952, 953, 954, 955, 956, 957, 958, 959, 960, 961, 962, 963, 964, 965, 966, 967, 968, 969, 970, 971, 972, 973, 974, 975, 976, 977, 978, 979, 980, 981, 982, 983, 984, 985, 986, 987, 988, 989, 990, 991, 992, 993, 994, 995, 996, 997, 998, 999]
