length of path between (200, 200) and (300, 300) points

Чебышев:
Длина пути: 105
Процент просмотренных клеток: 0.2836%
Время выполнения: 0.00409129
[200, 200] [201, 201] [202, 202] [203, 203] [204, 204] [205, 205] [206, 206] [207, 207] [208, 208] [209, 209] [210, 210] [211, 211] [212, 212] [213, 213] [214, 214] [215, 215] [216, 216] [217, 217] [218, 218] [219, 219] [220, 220] [221, 221] [222, 222] [223, 223] [224, 224] [225, 225] [226, 226] [227, 227] [228, 228] [229, 229] [230, 230] [231, 231] [232, 232] [233, 233] [234, 234] [235, 235] [236, 236] [237, 237] [238, 238] [239, 239] [240, 240] [241, 241] [242, 242] [243, 243] [244, 244] [245, 245] [246, 246] [247, 247] [248, 248] [249, 249] [250, 250] [251, 251] [252, 252] [253, 253] [254, 254] [255, 255] [256, 256] [257, 257] [258, 258] [259, 259] [260, 260] [261, 261] [262, 262] [263, 263] [264, 264] [265, 265] [266, 266] [267, 267] [268, 267] [269, 268] [270, 269] [271, 270] [272, 271] [273, 272] [274, 273] [275, 274] [276, 275] [277, 276] [278, 277] [279, 278] [280, 279] [281, 280] [282, 281] [283, 282] [284, 283] [285, 284] [286, 285] [287, 286] [288, 287] [289, 288] [290, 289] [291, 290] [292, 291] [293, 292] [294, 293] [295, 294] [296, 295] [297, 296] [298, 297] [299, 298] [300, 299] [300, 300] 

Евклид:
Длина пути: 105
Процент просмотренных клеток: 0.0668%
Время выполнения: 0.00188503
[200, 200] [201, 201] [202, 202] [203, 203] [204, 204] [205, 205] [206, 206] [207, 207] [208, 208] [209, 209] [210, 210] [211, 211] [212, 212] [213, 213] [214, 214] [215, 215] [216, 216] [217, 217] [218, 218] [219, 219] [220, 220] [221, 221] [222, 222] [223, 223] [224, 224] [225, 225] [226, 226] [227, 227] [228, 228] [229, 229] [230, 230] [231, 231] [232, 232] [233, 233] [234, 234] [235, 235] [236, 236] [237, 237] [238, 238] [239, 239] [240, 240] [241, 241] [242, 241] [243, 242] [244, 243] [245, 244] [246, 245] [247, 246] [248, 247] [249, 248] [250, 249] [251, 250] [252, 251] [253, 252] [254, 253] [255, 254] [256, 255] [257, 256] [258, 257] [259, 258] [260, 259] [261, 260] [262, 261] [263, 262] [264, 263] [265, 264] [266, 265] [267, 266] [268, 267] [269, 268] [270, 269] [271, 270] [272, 271] [273, 272] [274, 273] [275, 274] [276, 275] [277, 276] [278, 277] [279, 278] [280, 279] [281, 280] [282, 281] [283, 282] [284, 283] [285, 284] [286, 285] [287, 286] [288, 287] [289, 288] [290, 289] [291, 290] [292, 291] [293, 292] [294, 293] [295, 294] [296, 295] [297, 296] [298, 297] [298, 298] [299, 299] [300, 300] 

Манхэттен:
Длина пути: 202
Процент просмотренных клеток: 5.7084%
Время выполнения: 0.0397623
[200, 200] [201, 200] [202, 200] [203, 200] [204, 200] [205, 200] [206, 200] [207, 200] [208, 200] [208, 201] [208, 202] [209, 202] [210, 202] [210, 203] [210, 204] [210, 205] [211, 205] [211, 206] [212, 206] [213, 206] [213, 207] [214, 207] [215, 207] [216, 207] [217, 207] [218, 207] [218, 208] [219, 208] [219, 209] [220, 209] [220, 210] [220, 211] [221, 211] [221, 212] [222, 212] [223, 212] [223, 213] [224, 213] [225, 213] [225, 214] [225, 215] [225, 216] [225, 217] [226, 217] [226, 218] [226, 219] [226, 220] [226, 221] [227, 221] [227, 222] [228, 222] [229, 222] [230, 222] [231, 222] [232, 222] [233, 222] [233, 223] [234, 223] [234, 224] [234, 225] [234, 226] [234, 227] [235, 227] [236, 227] [237, 227] [238, 227] [238, 228] [239, 228] [239, 229] [239, 230] [240, 230] [241, 230] [241, 231] [241, 232] [242, 232] [242, 233] [243, 233] [243, 234] [244, 234] [245, 234] [245, 235] [246, 235] [246, 236] [247, 236] [247, 237] [247, 238] [248, 238] [249, 238] [250, 238] [251, 238] [251, 239] [252, 239] [253, 239] [254, 239] [255, 239] [255, 240] [256, 240] [257, 240] [257, 241] [257, 242] [258, 242] [259, 242] [260, 242] [261, 242] [262, 242] [262, 243] [263, 243] [264, 243] [265, 243] [266, 243] [267, 243] [267, 244] [268, 244] [268, 245] [269, 245] [270, 245] [271, 245] [271, 246] [272, 246] [273, 246] [274, 246] [275, 246] [276, 246] [277, 246] [278, 246] [278, 247] [279, 247] [280, 247] [281, 247] [281, 248] [281, 249] [282, 249] [283, 249] [283, 250] [284, 250] [284, 251] [285, 251] [285, 252] [286, 252] [287, 252] [287, 253] [287, 254] [287, 255] [287, 256] [288, 256] [288, 257] [289, 257] [289, 258] [289, 259] [290, 259] [291, 259] [291, 260] [291, 261] [291, 262] [291, 263] [291, 264] [291, 265] [292, 265] [292, 266] [293, 266] [293, 267] [293, 268] [293, 269] [293, 270] [294, 270] [294, 271] [294, 272] [294, 273] [294, 274] [294, 275] [294, 276] [295, 276] [296, 276] [297, 276] [298, 276] [298, 277] [299, 277] [300, 277] [300, 278] [300, 279] [300, 280] [300, 281] [300, 282] [300, 283] [300, 284] [300, 285] [300, 286] [300, 287] [300, 288] [300, 289] [300, 290] [300, 291] [300, 292] [300, 293] [300, 294] [300, 295] [300, 296] [300, 297] [300, 298] [300, 299] [300, 300] 

Дейкстра:
Длина пути: 202
Процент просмотренных клеток: 31.2672%
Время выполнения: 0.194792
[200, 200] [201, 200] [202, 200] [203, 200] [204, 200] [205, 200] [206, 200] [207, 200] [208, 200] [208, 201] [208, 202] [208, 203] [208, 204] [209, 204] [210, 204] [211, 204] [212, 204] [213, 204] [213, 205] [213, 206] [213, 207] [213, 208] [214, 208] [214, 209] [215, 209] [215, 210] [215, 211] [216, 211] [217, 211] [218, 211] [219, 211] [220, 211] [220, 212] [220, 213] [221, 213] [222, 213] [223, 213] [223, 214] [224, 214] [225, 214] [225, 215] [225, 216] [225, 217] [226, 217] [226, 218] [227, 218] [227, 219] [227, 220] [227, 221] [228, 221] [229, 221] [230, 221] [230, 222] [230, 223] [230, 224] [231, 224] [232, 224] [233, 224] [233, 225] [233, 226] [233, 227] [233, 228] [233, 229] [234, 229] [235, 229] [235, 230] [236, 230] [237, 230] [238, 230] [239, 230] [239, 231] [239, 232] [239, 233] [239, 234] [240, 234] [241, 234] [242, 234] [242, 235] [243, 235] [244, 235] [244, 236] [244, 237] [244, 238] [244, 239] [244, 240] [244, 241] [245, 241] [246, 241] [246, 242] [247, 242] [248, 242] [249, 242] [249, 243] [250, 243] [251, 243] [252, 243] [253, 243] [254, 243] [255, 243] [256, 243] [257, 243] [258, 243] [259, 243] [260, 243] [261, 243] [261, 244] [262, 244] [263, 244] [263, 245] [264, 245] [265, 245] [266, 245] [267, 245] [268, 245] [269, 245] [270, 245] [271, 245] [272, 245] [272, 246] [273, 246] [274, 246] [274, 247] [274, 248] [274, 249] [274, 250] [275, 250] [276, 250] [277, 250] [278, 250] [279, 250] [280, 250] [281, 250] [282, 250] [282, 251] [283, 251] [284, 251] [285, 251] [286, 251] [287, 251] [288, 251] [289, 251] [290, 251] [291, 251] [291, 252] [292, 252] [292, 253] [292, 254] [292, 255] [292, 256] [293, 256] [293, 257] [294, 257] [294, 258] [294, 259] [295, 259] [296, 259] [296, 260] [296, 261] [296, 262] [296, 263] [297, 263] [297, 264] [298, 264] [298, 265] [298, 266] [298, 267] [298, 268] [298, 269] [298, 270] [298, 271] [298, 272] [298, 273] [298, 274] [298, 275] [298, 276] [298, 277] [298, 278] [298, 279] [298, 280] [298, 281] [298, 282] [298, 283] [298, 284] [298, 285] [298, 286] [298, 287] [298, 288] [299, 288] [299, 289] [299, 290] [299, 291] [299, 292] [299, 293] [299, 294] [299, 295] [299, 296] [300, 296] [300, 297] [300, 298] [300, 299] [300, 300] 

