Value of maximum flow from 93 to 604 vertices: 61436
Flow:
(93, 698, 39)
(93, 980, 20)
(93, 49, 120)
(93, 869, 362)
(93, 643, 49)
(93, 353, 139)
(93, 569, 173)
(93, 176, 62)
(93, 191, 128)
(93, 720, 215)
(93, 910, 168)
(93, 304, 66)
(93, 409, 139)
(93, 512, 85)
(93, 0, 61)
(93, 850, 90)
(93, 386, 48)
(93, 973, 37)
(93, 675, 39)
(93, 317, 74)
(93, 311, 99)
(93, 400, 163)
(93, 489, 92)
(93, 608, 120)
(93, 603, 36)
(93, 275, 18)
(93, 668, 75)
(93, 726, 168)
(93, 464, 77)
(93, 288, 152)
(93, 598, 79)
(93, 496, 101)
(93, 950, 144)
(93, 958, 133)
(93, 528, 218)
(93, 877, 96)
(93, 379, 47)
(93, 560, 44)
(93, 332, 114)
(93, 170, 239)
(93, 886, 37)
(93, 733, 36)
(93, 563, 101)
(93, 860, 113)
(93, 830, 122)
(93, 481, 135)
(93, 625, 127)
(93, 14, 131)
(93, 449, 42)
(93, 273, 52)
(93, 233, 178)
(93, 260, 40)
(93, 141, 218)
(93, 961, 99)
(93, 336, 15)
(93, 112, 239)
(93, 763, 125)
(93, 845, 156)
(93, 217, 78)
(93, 396, 24)
(93, 462, 42)
(93, 51, 132)
(93, 266, 212)
(93, 343, 54)
(93, 609, 81)
(93, 256, 99)
(93, 406, 99)
(93, 761, 27)
(93, 972, 230)
(93, 280, 88)
(93, 285, 170)
(93, 352, 52)
(93, 416, 97)
(93, 923, 149)
(93, 5, 163)
(93, 164, 99)
(93, 759, 112)
(93, 543, 81)
(93, 384, 24)
(93, 211, 41)
(93, 106, 102)
(93, 839, 44)
(93, 652, 253)
(93, 564, 204)
(93, 694, 65)
(93, 418, 161)
(93, 323, 31)
(93, 626, 83)
(93, 780, 73)
(93, 721, 55)
(93, 274, 17)
(93, 63, 32)
(93, 482, 58)
(93, 306, 88)
(93, 168, 116)
(93, 743, 69)
(93, 905, 80)
(93, 892, 45)
(93, 546, 60)
(93, 229, 19)
(93, 577, 69)
(93, 981, 55)
(93, 458, 60)
(93, 89, 243)
(93, 531, 111)
(93, 610, 41)
(93, 931, 88)
(93, 88, 84)
(93, 521, 69)
(93, 654, 29)
(93, 466, 137)
(93, 344, 136)
(93, 760, 37)
(93, 498, 44)
(93, 203, 37)
(93, 635, 176)
(93, 402, 64)
(93, 102, 72)
(93, 945, 41)
(93, 948, 151)
(93, 165, 106)
(93, 423, 100)
(93, 861, 73)
(93, 896, 161)
(93, 938, 130)
(93, 700, 239)
(93, 739, 142)
(93, 915, 196)
(93, 596, 157)
(93, 451, 58)
(93, 524, 66)
(93, 852, 253)
(93, 483, 75)
(93, 270, 154)
(93, 305, 237)
(93, 807, 68)
(93, 339, 134)
(93, 541, 34)
(93, 809, 125)
(93, 771, 1)
(93, 194, 78)
(93, 918, 82)
(93, 404, 48)
(93, 278, 74)
(93, 841, 117)
(93, 611, 71)
(93, 629, 89)
(93, 935, 73)
(93, 408, 165)
(93, 788, 70)
(93, 263, 141)
(93, 383, 28)
(93, 811, 108)
(93, 764, 182)
(93, 898, 26)
(93, 480, 83)
(93, 831, 220)
(93, 526, 71)
(93, 163, 129)
(93, 235, 32)
(93, 452, 46)
(93, 968, 118)
(93, 314, 35)
(93, 349, 43)
(93, 801, 99)
(93, 253, 37)
(93, 133, 221)
(93, 186, 170)
(93, 230, 240)
(93, 628, 197)
(93, 940, 47)
(93, 411, 103)
(93, 699, 26)
(93, 711, 120)
(93, 484, 109)
(93, 19, 86)
(93, 570, 143)
(93, 155, 24)
(93, 826, 90)
(93, 439, 116)
(93, 548, 46)
(93, 25, 31)
(93, 913, 46)
(93, 823, 32)
(93, 190, 207)
(93, 825, 132)
(93, 777, 92)
(93, 612, 85)
(93, 448, 112)
(93, 688, 85)
(93, 166, 21)
(93, 943, 107)
(93, 741, 60)
(93, 993, 26)
(93, 865, 184)
(93, 500, 55)
(93, 181, 33)
(93, 73, 266)
(93, 387, 118)
(93, 533, 104)
(93, 243, 31)
(93, 440, 121)
(93, 246, 45)
(93, 979, 25)
(93, 267, 74)
(93, 556, 153)
(93, 397, 214)
(93, 870, 67)
(93, 42, 197)
(93, 245, 87)
(93, 118, 117)
(93, 378, 155)
(93, 149, 183)
(93, 894, 34)
(93, 428, 103)
(93, 914, 107)
(93, 998, 125)
(93, 427, 17)
(93, 744, 41)
(93, 837, 24)
(93, 206, 100)
(93, 12, 110)
(93, 753, 108)
(93, 61, 19)
(93, 818, 47)
(93, 731, 168)
(93, 362, 45)
(93, 258, 45)
(93, 159, 42)
(93, 680, 165)
(93, 98, 20)
(93, 371, 83)
(93, 469, 29)
(93, 329, 140)
(93, 269, 104)
(93, 791, 44)
(93, 779, 94)
(93, 738, 122)
(93, 492, 301)
(93, 882, 27)
(93, 107, 47)
(93, 897, 78)
(93, 32, 232)
(93, 937, 54)
(93, 944, 30)
(93, 425, 108)
(93, 174, 123)
(93, 891, 62)
(93, 422, 60)
(93, 649, 101)
(93, 17, 18)
(93, 454, 51)
(93, 562, 33)
(93, 966, 69)
(93, 138, 25)
(93, 296, 137)
(93, 661, 94)
(93, 360, 125)
(93, 997, 107)
(93, 758, 221)
(93, 41, 201)
(93, 374, 72)
(93, 868, 172)
(93, 582, 94)
(93, 737, 161)
(93, 320, 39)
(93, 505, 125)
(93, 689, 71)
(93, 271, 297)
(93, 438, 103)
(93, 44, 74)
(93, 796, 98)
(93, 819, 93)
(93, 709, 156)
(93, 903, 140)
(93, 119, 62)
(93, 503, 173)
(93, 322, 38)
(93, 151, 80)
(93, 535, 62)
(93, 884, 78)
(93, 113, 76)
(93, 40, 86)
(93, 236, 176)
(93, 292, 189)
(93, 924, 15)
(93, 599, 59)
(93, 420, 77)
(93, 33, 82)
(93, 518, 43)
(93, 631, 36)
(93, 312, 84)
(93, 92, 187)
(93, 471, 212)
(93, 592, 81)
(93, 953, 47)
(93, 183, 109)
(93, 101, 159)
(93, 519, 86)
(93, 827, 40)
(93, 715, 87)
(93, 798, 35)
(93, 642, 114)
(93, 657, 68)
(93, 24, 87)
(93, 621, 47)
(93, 407, 63)
(93, 946, 21)
(93, 641, 124)
(93, 207, 83)
(93, 840, 103)
(93, 523, 175)
(93, 889, 84)
(93, 103, 56)
(93, 770, 145)
(93, 992, 25)
(93, 504, 105)
(93, 916, 65)
(93, 716, 17)
(93, 821, 114)
(93, 797, 123)
(93, 506, 184)
(93, 446, 124)
(93, 683, 74)
(93, 178, 104)
(93, 376, 76)
(93, 600, 17)
(93, 989, 39)
(93, 949, 78)
(93, 934, 163)
(93, 72, 47)
(93, 23, 31)
(93, 262, 119)
(93, 52, 102)
(93, 488, 106)
(93, 132, 99)
(93, 127, 18)
(93, 728, 97)
(93, 746, 56)
(93, 122, 77)
(93, 552, 102)
(93, 247, 21)
(93, 358, 81)
(93, 513, 49)
(93, 456, 39)
(93, 673, 93)
(93, 878, 87)
(93, 244, 117)
(93, 27, 61)
(93, 768, 167)
(93, 589, 106)
(93, 346, 171)
(93, 532, 220)
(93, 985, 23)
(93, 529, 61)
(93, 48, 187)
(93, 888, 111)
(93, 975, 22)
(93, 215, 155)
(93, 537, 196)
(93, 745, 130)
(93, 390, 52)
(93, 398, 120)
(93, 291, 51)
(93, 53, 65)
(93, 706, 118)
(93, 601, 147)
(93, 686, 133)
(93, 234, 179)
(93, 249, 21)
(93, 340, 47)
(93, 414, 197)
(93, 71, 48)
(93, 450, 125)
(93, 3, 116)
(93, 321, 161)
(93, 863, 126)
(93, 204, 93)
(93, 144, 50)
(93, 50, 193)
(93, 553, 68)
(93, 377, 29)
(93, 838, 22)
(93, 585, 84)
(93, 669, 37)
(93, 864, 166)
(93, 200, 297)
(93, 580, 41)
(93, 276, 43)
(93, 265, 64)
(93, 16, 56)
(93, 70, 107)
(93, 38, 73)
(93, 573, 51)
(93, 525, 109)
(93, 413, 33)
(93, 671, 101)
(93, 718, 34)
(93, 538, 119)
(93, 142, 115)
(93, 405, 189)
(93, 666, 131)
(93, 581, 240)
(93, 259, 107)
(93, 597, 209)
(93, 602, 41)
(93, 94, 109)
(93, 15, 152)
(93, 530, 18)
(93, 595, 146)
(93, 382, 43)
(93, 435, 24)
(93, 196, 162)
(93, 474, 57)
(93, 287, 70)
(93, 216, 68)
(93, 522, 82)
(93, 224, 85)
(93, 479, 115)
(93, 554, 164)
(93, 786, 52)
(93, 815, 198)
(93, 586, 74)
(93, 146, 123)
(93, 410, 93)
(93, 679, 102)
(93, 618, 106)
(93, 365, 54)
(93, 56, 61)
(93, 443, 118)
(93, 79, 249)
(93, 357, 74)
(93, 475, 77)
(93, 91, 89)
(93, 279, 50)
(93, 507, 51)
(93, 906, 68)
(93, 310, 51)
(93, 295, 50)
(93, 334, 108)
(93, 976, 54)
(93, 571, 24)
(93, 516, 58)
(93, 68, 94)
(93, 676, 72)
(93, 99, 68)
(93, 509, 22)
(93, 983, 118)
(93, 805, 94)
(93, 960, 115)
(93, 162, 35)
(93, 670, 119)
(93, 885, 114)
(93, 375, 160)
(93, 871, 85)
(93, 932, 39)
(93, 96, 47)
(93, 920, 90)
(93, 150, 99)
(93, 999, 86)
(93, 175, 85)
(93, 549, 145)
(93, 345, 105)
(93, 917, 37)
(93, 853, 102)
(93, 13, 54)
(93, 619, 38)
(93, 277, 193)
(93, 620, 291)
(93, 912, 127)
(93, 444, 123)
(93, 171, 63)
(93, 792, 28)
(93, 330, 74)
(93, 648, 59)
(93, 69, 387)
(93, 508, 65)
(93, 7, 36)
(93, 784, 136)
(93, 540, 64)
(93, 9, 47)
(93, 881, 113)
(93, 890, 37)
(93, 639, 83)
(93, 67, 92)
(93, 919, 33)
(93, 219, 280)
(93, 710, 103)
(93, 783, 226)
(93, 252, 46)
(93, 76, 116)
(93, 460, 95)
(93, 858, 27)
(93, 459, 197)
(93, 748, 141)
(93, 154, 173)
(93, 947, 51)
(93, 808, 27)
(93, 58, 30)
(93, 350, 23)
(93, 195, 49)
(93, 64, 42)
(93, 131, 87)
(93, 588, 147)
(93, 104, 198)
(93, 936, 170)
(93, 109, 102)
(93, 385, 17)
(93, 624, 98)
(93, 776, 27)
(93, 874, 126)
(93, 490, 204)
(93, 21, 419)
(93, 829, 32)
(93, 161, 42)
(93, 933, 157)
(93, 750, 61)
(93, 667, 52)
(93, 499, 131)
(93, 978, 32)
(93, 734, 36)
(93, 866, 66)
(93, 83, 129)
(93, 86, 195)
(93, 221, 75)
(93, 188, 23)
(93, 108, 27)
(93, 205, 10)
(93, 121, 245)
(93, 472, 84)
(93, 862, 17)
(93, 644, 90)
(93, 37, 42)
(93, 747, 47)
(93, 767, 59)
(93, 394, 77)
(93, 392, 56)
(93, 341, 100)
(93, 424, 139)
(93, 752, 16)
(93, 804, 66)
(93, 899, 118)
(93, 318, 46)
(93, 702, 187)
(93, 822, 110)
(93, 147, 139)
(93, 157, 68)
(93, 637, 61)
(93, 110, 184)
(93, 772, 131)
(93, 2, 63)
(93, 789, 48)
(93, 677, 21)
(93, 302, 146)
(93, 561, 78)
(93, 690, 95)
(93, 301, 121)
(93, 663, 80)
(93, 542, 210)
(93, 640, 111)
(93, 124, 200)
(93, 574, 173)
(93, 328, 82)
(93, 281, 185)
(93, 436, 60)
(93, 606, 133)
(93, 814, 96)
(93, 95, 82)
(93, 627, 20)
(93, 139, 106)
(93, 430, 217)
(93, 967, 65)
(93, 35, 51)
(93, 494, 222)
(93, 832, 61)
(93, 248, 117)
(93, 729, 92)
(93, 730, 168)
(93, 368, 334)
(93, 558, 88)
(93, 984, 35)
(93, 510, 47)
(93, 551, 93)
(93, 578, 3)
(93, 591, 122)
(93, 682, 57)
(93, 415, 22)
(93, 239, 124)
(93, 623, 35)
(93, 502, 155)
(93, 309, 130)
(93, 842, 428)
(93, 954, 32)
(93, 902, 148)
(93, 696, 104)
(93, 727, 39)
(93, 417, 440)
(93, 855, 63)
(93, 338, 44)
(93, 120, 16)
(93, 803, 66)
(93, 547, 59)
(93, 160, 44)
(93, 876, 85)
(93, 126, 117)
(93, 854, 94)
(93, 813, 86)
(93, 795, 45)
(93, 875, 76)
(93, 364, 163)
(93, 81, 141)
(93, 421, 139)
(93, 434, 220)
(93, 290, 27)
(93, 697, 28)
(93, 367, 80)
(93, 143, 159)
(93, 527, 76)
(93, 4, 31)
(93, 925, 89)
(93, 559, 48)
(93, 754, 121)
(170, 59, 42)
(170, 451, 50)
(170, 19, 5)
(170, 249, 40)
(170, 193, 17)
(170, 129, 17)
(170, 604, 68)
(106, 242, 67)
(106, 180, 5)
(106, 114, 22)
(106, 575, 8)
(423, 709, 62)
(423, 986, 26)
(423, 844, 12)
(314, 604, 134)
(979, 352, 1)
(979, 617, 24)
(937, 182, 25)
(937, 31, 4)
(937, 56, 1)
(937, 846, 24)
(236, 464, 49)
(236, 352, 8)
(236, 633, 65)
(236, 756, 34)
(236, 621, 15)
(236, 265, 5)
(683, 282, 9)
(683, 333, 17)
(683, 426, 40)
(683, 148, 8)
(291, 604, 57)
(581, 916, 85)
(581, 87, 81)
(581, 604, 74)
(516, 809, 26)
(516, 173, 32)
(639, 989, 12)
(639, 604, 71)
(83, 900, 89)
(83, 159, 2)
(83, 907, 25)
(83, 579, 13)
(328, 604, 71)
(328, 965, 11)
(876, 604, 109)
(311, 930, 77)
(311, 966, 3)
(311, 604, 19)
(51, 713, 53)
(51, 588, 22)
(51, 436, 57)
(458, 355, 29)
(458, 954, 31)
(404, 604, 57)
(190, 617, 41)
(190, 857, 6)
(190, 604, 160)
(818, 370, 47)
(737, 203, 10)
(737, 791, 3)
(737, 604, 63)
(737, 832, 85)
(621, 604, 62)
(456, 604, 141)
(669, 152, 10)
(669, 604, 25)
(669, 120, 2)
(146, 604, 148)
(917, 604, 260)
(104, 469, 8)
(104, 604, 190)
(702, 757, 124)
(702, 944, 42)
(702, 398, 6)
(702, 956, 4)
(702, 300, 11)
(147, 604, 315)
(682, 604, 133)
(869, 168, 60)
(869, 483, 12)
(869, 454, 93)
(869, 916, 9)
(869, 240, 60)
(869, 604, 128)
(860, 352, 47)
(860, 604, 24)
(860, 318, 42)
(694, 604, 75)
(700, 604, 56)
(700, 862, 31)
(700, 662, 134)
(700, 813, 10)
(700, 911, 8)
(133, 217, 9)
(133, 483, 17)
(133, 993, 44)
(133, 562, 56)
(133, 566, 21)
(133, 843, 19)
(133, 604, 55)
(870, 604, 91)
(891, 604, 93)
(420, 604, 132)
(989, 604, 126)
(686, 107, 38)
(686, 604, 95)
(94, 721, 6)
(94, 117, 54)
(94, 770, 5)
(94, 674, 16)
(94, 881, 28)
(509, 544, 22)
(710, 604, 87)
(710, 974, 16)
(108, 604, 61)
(814, 604, 100)
(795, 660, 28)
(795, 589, 17)
(603, 604, 89)
(256, 604, 123)
(931, 30, 56)
(931, 420, 18)
(931, 803, 14)
(629, 604, 74)
(629, 579, 15)
(448, 604, 66)
(448, 747, 3)
(448, 793, 43)
(159, 604, 210)
(271, 255, 109)
(271, 454, 10)
(271, 604, 164)
(271, 35, 14)
(641, 386, 27)
(641, 958, 28)
(641, 743, 23)
(641, 235, 3)
(641, 544, 3)
(641, 473, 13)
(641, 120, 27)
(244, 604, 129)
(580, 604, 24)
(580, 613, 17)
(365, 138, 54)
(277, 568, 54)
(277, 604, 54)
(277, 701, 85)
(912, 294, 23)
(912, 19, 27)
(912, 50, 71)
(912, 15, 1)
(912, 129, 5)
(624, 464, 31)
(624, 633, 43)
(624, 349, 24)
(110, 343, 97)
(110, 351, 22)
(110, 815, 48)
(110, 844, 17)
(502, 469, 3)
(502, 604, 152)
(569, 756, 63)
(569, 604, 110)
(14, 604, 62)
(14, 120, 69)
(780, 928, 27)
(780, 927, 46)
(596, 609, 8)
(596, 17, 12)
(596, 315, 43)
(596, 939, 94)
(940, 62, 47)
(118, 880, 21)
(118, 970, 96)
(17, 604, 30)
(312, 337, 28)
(312, 604, 56)
(340, 604, 52)
(595, 307, 37)
(595, 604, 78)
(595, 832, 1)
(595, 727, 12)
(595, 261, 18)
(960, 604, 115)
(472, 685, 84)
(139, 469, 36)
(139, 604, 70)
(81, 243, 15)
(81, 755, 32)
(81, 604, 94)
(726, 604, 197)
(972, 30, 81)
(972, 660, 27)
(972, 413, 15)
(972, 604, 107)
(654, 604, 330)
(788, 816, 4)
(788, 604, 46)
(788, 766, 20)
(943, 604, 132)
(371, 242, 2)
(371, 833, 51)
(371, 604, 30)
(796, 604, 206)
(523, 757, 10)
(523, 316, 53)
(523, 604, 55)
(523, 431, 57)
(589, 604, 258)
(532, 544, 54)
(532, 420, 37)
(532, 827, 11)
(532, 604, 26)
(532, 990, 50)
(532, 510, 35)
(532, 803, 7)
(70, 604, 137)
(357, 825, 19)
(357, 138, 39)
(357, 604, 16)
(792, 235, 3)
(792, 926, 19)
(792, 942, 6)
(490, 604, 150)
(490, 180, 54)
(789, 890, 13)
(789, 604, 35)
(954, 604, 119)
(720, 11, 6)
(720, 189, 76)
(720, 846, 56)
(720, 591, 77)
(233, 111, 1)
(233, 343, 86)
(233, 468, 14)
(233, 383, 21)
(233, 29, 23)
(233, 390, 33)
(63, 604, 73)
(852, 604, 239)
(852, 793, 14)
(711, 283, 58)
(711, 147, 39)
(711, 926, 23)
(894, 604, 56)
(966, 604, 93)
(592, 843, 26)
(592, 604, 55)
(52, 315, 49)
(52, 604, 53)
(450, 401, 33)
(450, 15, 38)
(450, 881, 54)
(196, 176, 52)
(196, 969, 25)
(196, 604, 85)
(885, 716, 9)
(885, 986, 6)
(885, 604, 99)
(459, 589, 20)
(459, 473, 96)
(459, 604, 81)
(37, 72, 29)
(37, 584, 13)
(35, 604, 170)
(290, 742, 19)
(290, 989, 8)
(598, 604, 185)
(352, 604, 108)
(760, 40, 5)
(760, 604, 32)
(811, 235, 35)
(811, 428, 30)
(811, 340, 5)
(811, 734, 16)
(811, 606, 22)
(865, 880, 31)
(865, 255, 16)
(865, 916, 36)
(865, 604, 101)
(269, 243, 51)
(269, 914, 16)
(269, 755, 20)
(269, 971, 6)
(269, 80, 11)
(903, 604, 173)
(992, 604, 104)
(48, 260, 5)
(48, 839, 53)
(48, 214, 47)
(48, 645, 24)
(48, 953, 22)
(48, 604, 36)
(525, 380, 28)
(525, 316, 27)
(525, 604, 40)
(525, 974, 14)
(279, 325, 50)
(69, 77, 10)
(69, 787, 4)
(69, 887, 126)
(69, 327, 14)
(69, 473, 15)
(69, 604, 91)
(69, 734, 119)
(69, 814, 4)
(69, 942, 4)
(161, 583, 8)
(161, 28, 26)
(161, 78, 1)
(161, 457, 7)
(561, 604, 91)
(727, 604, 100)
(409, 418, 23)
(409, 28, 8)
(409, 349, 2)
(409, 756, 25)
(409, 231, 34)
(409, 685, 25)
(409, 712, 22)
(961, 634, 42)
(961, 831, 7)
(961, 456, 47)
(961, 832, 3)
(168, 604, 304)
(305, 23, 61)
(305, 604, 176)
(570, 242, 15)
(570, 179, 7)
(570, 355, 31)
(570, 591, 87)
(570, 954, 3)
(998, 759, 34)
(998, 892, 62)
(998, 8, 29)
(661, 604, 105)
(101, 817, 14)
(101, 721, 48)
(101, 714, 65)
(101, 19, 4)
(101, 442, 19)
(101, 673, 9)
(127, 335, 18)
(863, 85, 75)
(863, 953, 51)
(216, 604, 68)
(932, 120, 39)
(947, 22, 18)
(947, 794, 33)
(394, 685, 36)
(394, 857, 41)
(248, 604, 122)
(958, 604, 161)
(5, 977, 63)
(5, 755, 56)
(5, 604, 44)
(635, 609, 5)
(635, 398, 53)
(635, 26, 15)
(635, 749, 41)
(635, 114, 62)
(480, 546, 65)
(480, 617, 8)
(480, 129, 10)
(526, 250, 48)
(526, 185, 23)
(387, 867, 1)
(387, 943, 11)
(387, 755, 48)
(387, 922, 3)
(387, 604, 44)
(387, 108, 10)
(387, 128, 1)
(492, 736, 13)
(492, 462, 8)
(492, 229, 35)
(492, 867, 42)
(492, 898, 38)
(492, 210, 67)
(492, 169, 18)
(492, 80, 80)
(716, 604, 116)
(215, 598, 59)
(215, 203, 12)
(215, 8, 51)
(215, 808, 33)
(718, 604, 67)
(310, 282, 33)
(310, 553, 18)
(784, 313, 45)
(784, 691, 43)
(784, 18, 4)
(784, 604, 44)
(667, 604, 46)
(667, 148, 6)
(663, 243, 13)
(663, 971, 22)
(663, 604, 26)
(663, 747, 19)
(338, 604, 139)
(850, 672, 29)
(850, 830, 6)
(850, 655, 51)
(850, 429, 4)
(763, 179, 59)
(763, 604, 66)
(892, 604, 176)
(541, 544, 34)
(439, 945, 74)
(439, 660, 2)
(439, 487, 16)
(439, 697, 24)
(837, 604, 101)
(758, 199, 59)
(758, 622, 65)
(758, 187, 26)
(758, 843, 16)
(758, 604, 42)
(758, 157, 13)
(715, 769, 21)
(715, 579, 66)
(122, 604, 121)
(50, 604, 313)
(479, 372, 33)
(479, 657, 20)
(479, 47, 30)
(479, 307, 32)
(150, 159, 53)
(150, 658, 39)
(150, 342, 7)
(350, 604, 41)
(424, 326, 21)
(424, 178, 17)
(424, 18, 54)
(424, 866, 47)
(368, 668, 1)
(368, 665, 39)
(368, 699, 35)
(368, 264, 54)
(368, 333, 17)
(368, 588, 23)
(368, 604, 106)
(368, 436, 59)
(925, 837, 41)
(925, 231, 19)
(925, 685, 29)
(379, 930, 3)
(379, 511, 38)
(379, 684, 6)
(543, 836, 41)
(543, 335, 2)
(543, 604, 38)
(384, 809, 24)
(948, 603, 39)
(948, 966, 21)
(948, 585, 1)
(948, 604, 52)
(948, 781, 31)
(948, 959, 7)
(452, 699, 6)
(452, 604, 40)
(440, 965, 13)
(440, 613, 54)
(440, 145, 54)
(897, 604, 193)
(113, 837, 18)
(113, 617, 13)
(113, 604, 45)
(506, 962, 4)
(506, 883, 9)
(506, 775, 39)
(506, 604, 132)
(390, 604, 136)
(405, 604, 189)
(976, 391, 40)
(976, 431, 12)
(976, 974, 2)
(881, 604, 232)
(734, 604, 171)
(124, 603, 1)
(124, 930, 45)
(124, 469, 96)
(124, 951, 58)
(547, 986, 59)
(675, 604, 66)
(396, 585, 24)
(577, 159, 69)
(194, 398, 43)
(194, 604, 25)
(194, 114, 10)
(913, 971, 46)
(753, 785, 3)
(753, 604, 105)
(868, 546, 43)
(868, 457, 30)
(868, 231, 54)
(868, 857, 45)
(657, 604, 111)
(358, 687, 34)
(358, 982, 47)
(838, 809, 22)
(815, 604, 246)
(549, 13, 68)
(549, 604, 77)
(131, 15, 34)
(131, 584, 53)
(899, 736, 20)
(899, 229, 5)
(899, 90, 28)
(899, 747, 65)
(510, 604, 131)
(578, 911, 3)
(980, 935, 20)
(733, 604, 56)
(652, 22, 2)
(652, 192, 63)
(652, 178, 17)
(652, 587, 57)
(652, 538, 63)
(652, 99, 9)
(652, 917, 9)
(652, 6, 8)
(652, 701, 25)
(896, 78, 98)
(896, 712, 7)
(896, 604, 56)
(801, 867, 1)
(801, 604, 27)
(801, 128, 52)
(801, 453, 19)
(556, 604, 153)
(425, 18, 20)
(425, 917, 47)
(425, 604, 41)
(924, 604, 88)
(376, 40, 76)
(706, 897, 1)
(706, 953, 42)
(706, 171, 23)
(706, 604, 52)
(597, 694, 10)
(597, 916, 21)
(597, 162, 58)
(597, 13, 5)
(597, 604, 115)
(676, 604, 72)
(919, 604, 201)
(436, 604, 278)
(854, 675, 19)
(854, 374, 54)
(854, 776, 20)
(854, 197, 1)
(489, 280, 19)
(489, 65, 26)
(489, 182, 8)
(489, 6, 39)
(343, 604, 272)
(531, 373, 2)
(531, 171, 22)
(531, 919, 45)
(531, 429, 42)
(841, 359, 41)
(841, 486, 32)
(841, 794, 5)
(841, 604, 39)
(777, 969, 13)
(777, 604, 79)
(362, 604, 51)
(505, 313, 29)
(505, 303, 18)
(505, 969, 78)
(946, 604, 26)
(878, 604, 106)
(200, 11, 41)
(200, 31, 121)
(200, 878, 19)
(200, 604, 16)
(200, 690, 15)
(200, 114, 11)
(200, 591, 6)
(200, 575, 68)
(679, 919, 102)
(13, 604, 127)
(109, 674, 102)
(385, 140, 17)
(637, 483, 4)
(637, 604, 57)
(353, 604, 110)
(353, 431, 12)
(353, 974, 17)
(481, 138, 23)
(481, 158, 54)
(481, 337, 58)
(323, 604, 87)
(915, 839, 6)
(915, 897, 40)
(915, 655, 85)
(915, 604, 65)
(230, 736, 27)
(230, 898, 58)
(230, 740, 1)
(230, 943, 13)
(230, 755, 63)
(230, 604, 37)
(230, 793, 35)
(230, 80, 6)
(649, 168, 95)
(649, 254, 6)
(518, 712, 11)
(518, 604, 32)
(934, 222, 18)
(934, 655, 47)
(934, 716, 40)
(934, 335, 1)
(934, 604, 57)
(530, 785, 18)
(805, 684, 23)
(805, 974, 71)
(121, 325, 55)
(121, 411, 26)
(121, 944, 12)
(121, 391, 11)
(121, 398, 1)
(121, 590, 66)
(121, 594, 16)
(121, 956, 49)
(121, 300, 9)
(627, 839, 13)
(627, 919, 7)
(364, 787, 37)
(364, 235, 80)
(364, 544, 46)
(668, 604, 76)
(761, 1, 27)
(521, 604, 47)
(521, 984, 1)
(521, 879, 21)
(408, 243, 23)
(408, 796, 8)
(408, 674, 13)
(408, 146, 25)
(408, 443, 40)
(408, 971, 24)
(408, 604, 32)
(166, 787, 21)
(98, 307, 16)
(98, 727, 4)
(44, 63, 4)
(44, 756, 34)
(44, 565, 36)
(840, 122, 24)
(840, 604, 17)
(840, 436, 62)
(768, 993, 30)
(768, 604, 137)
(16, 589, 56)
(79, 880, 37)
(79, 604, 212)
(171, 604, 120)
(874, 833, 58)
(874, 22, 11)
(874, 604, 57)
(2, 391, 39)
(2, 951, 6)
(2, 989, 5)
(2, 585, 13)
(842, 403, 10)
(842, 419, 61)
(842, 255, 2)
(842, 806, 179)
(842, 320, 26)
(842, 656, 35)
(842, 604, 44)
(842, 188, 33)
(842, 392, 23)
(842, 941, 2)
(842, 35, 13)
(191, 970, 19)
(191, 604, 88)
(191, 213, 21)
(524, 469, 4)
(524, 989, 62)
(699, 604, 115)
(149, 604, 219)
(562, 604, 89)
(471, 401, 59)
(471, 714, 1)
(471, 673, 16)
(471, 249, 57)
(471, 50, 5)
(471, 881, 10)
(471, 604, 45)
(471, 584, 19)
(262, 327, 6)
(262, 604, 94)
(262, 697, 19)
(71, 604, 67)
(435, 390, 9)
(435, 335, 15)
(670, 253, 23)
(670, 119, 3)
(670, 658, 36)
(670, 527, 57)
(858, 604, 46)
(644, 598, 34)
(644, 831, 14)
(644, 319, 27)
(644, 456, 15)
(967, 604, 65)
(434, 125, 105)
(434, 922, 68)
(434, 604, 32)
(434, 169, 15)
(285, 604, 180)
(344, 757, 16)
(344, 209, 26)
(344, 300, 81)
(344, 974, 13)
(383, 604, 118)
(993, 604, 180)
(329, 467, 58)
(329, 716, 21)
(329, 919, 3)
(329, 128, 58)
(709, 604, 261)
(103, 555, 11)
(103, 727, 45)
(770, 604, 163)
(529, 617, 22)
(529, 604, 39)
(573, 58, 2)
(573, 604, 44)
(573, 579, 5)
(91, 87, 52)
(91, 843, 37)
(648, 766, 59)
(829, 8, 17)
(829, 307, 1)
(829, 895, 14)
(696, 986, 30)
(696, 604, 74)
(141, 373, 3)
(141, 672, 4)
(141, 830, 39)
(141, 851, 32)
(141, 370, 58)
(141, 718, 33)
(141, 793, 49)
(270, 229, 4)
(270, 740, 65)
(270, 858, 19)
(270, 108, 24)
(270, 248, 5)
(270, 128, 34)
(270, 453, 3)
(19, 604, 122)
(914, 604, 123)
(296, 693, 66)
(296, 347, 65)
(296, 235, 6)
(183, 743, 25)
(183, 604, 84)
(132, 211, 5)
(132, 962, 52)
(132, 447, 42)
(321, 386, 5)
(321, 589, 17)
(321, 604, 44)
(321, 338, 95)
(287, 243, 70)
(871, 776, 71)
(871, 895, 14)
(154, 217, 143)
(154, 483, 17)
(154, 559, 13)
(767, 726, 21)
(767, 335, 38)
(832, 604, 220)
(367, 654, 59)
(367, 391, 21)
(950, 187, 67)
(950, 441, 16)
(950, 369, 29)
(950, 965, 32)
(923, 791, 28)
(923, 604, 53)
(923, 832, 49)
(923, 895, 19)
(203, 604, 84)
(898, 604, 134)
(181, 168, 33)
(73, 603, 13)
(73, 945, 14)
(73, 469, 46)
(73, 924, 7)
(73, 921, 46)
(73, 585, 18)
(73, 487, 100)
(73, 781, 5)
(73, 959, 17)
(738, 486, 16)
(738, 794, 105)
(738, 476, 1)
(322, 604, 73)
(916, 604, 248)
(975, 159, 22)
(671, 347, 57)
(671, 58, 44)
(906, 372, 29)
(906, 970, 6)
(906, 604, 33)
(7, 687, 12)
(7, 982, 24)
(750, 919, 2)
(750, 604, 59)
(301, 609, 28)
(301, 944, 16)
(301, 949, 5)
(301, 749, 72)
(855, 604, 45)
(855, 197, 18)
(0, 658, 61)
(112, 63, 24)
(112, 72, 13)
(112, 249, 5)
(112, 857, 47)
(112, 520, 32)
(112, 232, 84)
(112, 318, 34)
(905, 343, 13)
(905, 214, 4)
(905, 645, 25)
(905, 604, 38)
(826, 107, 3)
(826, 26, 37)
(826, 604, 50)
(744, 616, 26)
(744, 282, 14)
(744, 432, 1)
(997, 418, 6)
(997, 314, 90)
(997, 78, 9)
(997, 837, 2)
(827, 604, 51)
(746, 897, 56)
(144, 654, 50)
(224, 72, 46)
(224, 604, 39)
(920, 945, 36)
(920, 742, 33)
(920, 327, 21)
(58, 604, 104)
(341, 971, 22)
(341, 604, 78)
(730, 759, 2)
(730, 825, 72)
(730, 657, 17)
(730, 586, 23)
(730, 604, 54)
(4, 787, 20)
(4, 579, 11)
(877, 787, 37)
(877, 152, 9)
(877, 604, 40)
(877, 942, 10)
(759, 604, 201)
(102, 831, 4)
(102, 319, 26)
(102, 659, 38)
(102, 432, 4)
(945, 604, 167)
(235, 604, 211)
(243, 604, 276)
(107, 604, 127)
(884, 280, 18)
(884, 604, 60)
(797, 642, 65)
(797, 803, 26)
(797, 991, 32)
(745, 517, 64)
(745, 1, 66)
(142, 654, 32)
(142, 469, 38)
(142, 604, 45)
(334, 604, 107)
(334, 766, 1)
(9, 837, 16)
(9, 685, 31)
(978, 604, 58)
(640, 164, 20)
(640, 600, 23)
(640, 319, 26)
(640, 604, 42)
(803, 604, 113)
(973, 769, 37)
(217, 604, 230)
(229, 604, 89)
(771, 159, 1)
(25, 606, 7)
(25, 990, 4)
(25, 120, 20)
(12, 654, 110)
(642, 604, 197)
(247, 604, 73)
(786, 604, 19)
(786, 793, 33)
(175, 280, 42)
(175, 604, 43)
(64, 851, 42)
(804, 187, 26)
(804, 390, 40)
(984, 604, 121)
(754, 283, 33)
(754, 246, 56)
(754, 220, 22)
(754, 185, 10)
(698, 411, 9)
(698, 594, 26)
(698, 300, 4)
(886, 303, 25)
(886, 244, 12)
(839, 604, 203)
(861, 604, 40)
(861, 35, 33)
(349, 604, 69)
(267, 945, 2)
(267, 604, 72)
(944, 604, 100)
(292, 616, 17)
(292, 75, 20)
(292, 894, 22)
(292, 719, 82)
(292, 604, 23)
(292, 677, 25)
(178, 604, 138)
(53, 604, 158)
(259, 546, 41)
(259, 756, 24)
(259, 78, 11)
(259, 857, 13)
(259, 318, 18)
(68, 77, 18)
(68, 589, 22)
(68, 327, 5)
(68, 604, 49)
(67, 468, 51)
(67, 228, 2)
(67, 517, 39)
(86, 604, 182)
(86, 954, 13)
(281, 733, 20)
(281, 834, 23)
(281, 630, 67)
(281, 775, 25)
(281, 604, 50)
(126, 674, 55)
(126, 604, 62)
(266, 149, 36)
(266, 362, 6)
(266, 356, 26)
(266, 56, 67)
(266, 859, 20)
(266, 890, 14)
(266, 604, 43)
(89, 140, 49)
(89, 825, 43)
(89, 372, 8)
(89, 158, 38)
(89, 545, 37)
(89, 879, 68)
(278, 609, 13)
(278, 26, 25)
(278, 749, 23)
(278, 974, 13)
(825, 604, 268)
(731, 609, 49)
(731, 315, 72)
(731, 684, 47)
(320, 604, 65)
(673, 604, 150)
(864, 485, 71)
(864, 604, 57)
(864, 436, 38)
(853, 323, 20)
(853, 205, 55)
(853, 682, 27)
(936, 189, 33)
(936, 849, 20)
(936, 870, 24)
(936, 810, 26)
(936, 6, 67)
(822, 598, 13)
(822, 892, 27)
(822, 604, 20)
(822, 197, 50)
(157, 604, 81)
(643, 82, 15)
(643, 604, 13)
(643, 180, 21)
(830, 604, 167)
(739, 260, 59)
(739, 343, 16)
(739, 604, 67)
(186, 880, 27)
(186, 454, 92)
(186, 604, 51)
(42, 785, 11)
(42, 622, 96)
(42, 604, 81)
(42, 965, 9)
(33, 675, 8)
(33, 892, 42)
(33, 657, 6)
(33, 984, 26)
(949, 604, 102)
(234, 432, 10)
(234, 604, 169)
(15, 604, 225)
(983, 176, 2)
(983, 917, 18)
(983, 604, 98)
(783, 246, 7)
(783, 604, 219)
(205, 604, 65)
(95, 8, 42)
(95, 604, 35)
(95, 895, 5)
(875, 604, 76)
(275, 712, 18)
(406, 255, 4)
(406, 661, 11)
(406, 790, 22)
(406, 162, 32)
(406, 392, 12)
(406, 213, 18)
(88, 247, 8)
(88, 604, 76)
(935, 604, 100)
(688, 604, 65)
(688, 342, 20)
(680, 303, 2)
(680, 699, 48)
(680, 264, 42)
(680, 40, 9)
(680, 604, 64)
(207, 107, 11)
(207, 949, 19)
(207, 26, 26)
(207, 974, 27)
(27, 62, 61)
(276, 773, 32)
(276, 432, 7)
(276, 474, 4)
(56, 604, 129)
(776, 604, 142)
(772, 469, 11)
(772, 604, 120)
(309, 254, 67)
(309, 87, 52)
(309, 559, 11)
(176, 604, 116)
(721, 604, 109)
(411, 604, 138)
(378, 616, 80)
(378, 992, 14)
(378, 604, 59)
(378, 766, 2)
(92, 759, 53)
(92, 825, 2)
(92, 604, 73)
(92, 984, 59)
(23, 604, 181)
(414, 62, 43)
(414, 138, 35)
(414, 307, 26)
(414, 105, 51)
(414, 225, 17)
(414, 213, 25)
(382, 119, 8)
(382, 911, 35)
(162, 604, 173)
(862, 604, 111)
(430, 246, 91)
(430, 250, 36)
(430, 862, 40)
(430, 147, 50)
(421, 816, 56)
(421, 992, 41)
(421, 604, 42)
(280, 604, 183)
(263, 77, 87)
(263, 642, 18)
(263, 604, 36)
(741, 303, 60)
(819, 187, 5)
(819, 709, 43)
(819, 390, 2)
(819, 986, 30)
(819, 335, 13)
(889, 604, 51)
(889, 846, 33)
(346, 835, 57)
(346, 740, 5)
(346, 90, 55)
(346, 604, 35)
(346, 793, 19)
(985, 992, 23)
(38, 485, 3)
(38, 122, 20)
(38, 604, 50)
(330, 977, 18)
(330, 401, 10)
(330, 23, 7)
(330, 584, 39)
(21, 211, 125)
(21, 796, 25)
(21, 23, 41)
(21, 881, 21)
(21, 604, 105)
(21, 208, 102)
(677, 604, 57)
(902, 380, 65)
(902, 469, 49)
(902, 604, 34)
(910, 246, 24)
(910, 636, 61)
(910, 658, 43)
(910, 342, 40)
(260, 604, 104)
(428, 604, 180)
(138, 604, 195)
(953, 604, 197)
(3, 993, 21)
(3, 843, 22)
(3, 613, 73)
(474, 604, 61)
(375, 589, 20)
(375, 604, 140)
(748, 484, 20)
(748, 107, 28)
(748, 557, 39)
(748, 398, 28)
(748, 604, 17)
(748, 160, 9)
(747, 604, 134)
(697, 604, 71)
(416, 243, 73)
(416, 604, 24)
(764, 982, 13)
(764, 222, 98)
(764, 604, 71)
(791, 604, 183)
(779, 285, 10)
(779, 65, 3)
(779, 604, 81)
(888, 604, 51)
(888, 766, 60)
(413, 604, 93)
(933, 454, 54)
(933, 604, 103)
(690, 604, 110)
(417, 404, 9)
(417, 43, 30)
(417, 630, 29)
(417, 442, 26)
(417, 705, 65)
(417, 770, 13)
(417, 664, 28)
(417, 674, 69)
(417, 50, 24)
(417, 350, 18)
(417, 604, 103)
(417, 978, 26)
(336, 242, 3)
(336, 604, 12)
(743, 604, 117)
(807, 791, 67)
(807, 895, 1)
(155, 890, 16)
(155, 954, 8)
(427, 114, 17)
(360, 726, 8)
(360, 839, 87)
(360, 953, 18)
(360, 171, 12)
(728, 604, 50)
(728, 766, 47)
(204, 125, 1)
(204, 229, 26)
(204, 835, 13)
(204, 898, 12)
(204, 943, 1)
(204, 755, 15)
(204, 919, 9)
(204, 793, 16)
(96, 31, 47)
(808, 604, 60)
(392, 604, 91)
(729, 836, 34)
(729, 604, 58)
(164, 604, 119)
(402, 373, 8)
(402, 672, 7)
(402, 604, 49)
(831, 604, 250)
(163, 916, 32)
(163, 566, 6)
(163, 843, 35)
(163, 201, 31)
(163, 604, 25)
(882, 147, 27)
(821, 951, 1)
(821, 604, 89)
(821, 876, 24)
(295, 314, 9)
(295, 712, 41)
(499, 18, 27)
(499, 604, 86)
(499, 6, 18)
(120, 604, 173)
(386, 604, 80)
(845, 992, 1)
(845, 604, 155)
(809, 604, 221)
(206, 437, 30)
(206, 483, 35)
(206, 322, 35)
(41, 85, 40)
(41, 716, 29)
(41, 84, 70)
(41, 604, 62)
(798, 403, 35)
(999, 256, 24)
(999, 719, 9)
(999, 917, 8)
(999, 765, 45)
(195, 836, 44)
(195, 335, 5)
(752, 114, 16)
(332, 355, 1)
(332, 604, 113)
(211, 604, 171)
(165, 604, 106)
(968, 303, 45)
(968, 610, 12)
(968, 40, 7)
(968, 691, 51)
(968, 18, 3)
(246, 604, 351)
(32, 928, 9)
(32, 900, 6)
(32, 70, 30)
(32, 604, 140)
(32, 147, 47)
(40, 604, 183)
(446, 82, 52)
(446, 604, 50)
(446, 114, 22)
(398, 604, 251)
(666, 437, 1)
(666, 228, 36)
(666, 993, 46)
(666, 604, 48)
(890, 604, 128)
(866, 604, 113)
(160, 604, 53)
(317, 544, 8)
(317, 604, 66)
(462, 604, 50)
(981, 240, 55)
(918, 939, 18)
(918, 828, 20)
(918, 173, 44)
(823, 616, 2)
(823, 604, 30)
(61, 769, 1)
(61, 347, 5)
(61, 147, 13)
(24, 831, 5)
(24, 319, 9)
(24, 432, 7)
(24, 148, 66)
(513, 228, 39)
(513, 145, 10)
(345, 672, 3)
(345, 247, 44)
(345, 793, 58)
(318, 604, 140)
(551, 456, 21)
(551, 604, 55)
(551, 766, 17)
(49, 787, 29)
(49, 952, 42)
(49, 510, 49)
(563, 917, 28)
(563, 604, 73)
(564, 62, 44)
(564, 604, 160)
(938, 82, 7)
(938, 794, 12)
(938, 859, 54)
(938, 355, 57)
(253, 604, 60)
(397, 977, 64)
(397, 714, 29)
(397, 630, 2)
(397, 442, 4)
(397, 705, 54)
(397, 796, 61)
(174, 315, 5)
(174, 604, 118)
(99, 604, 77)
(219, 769, 12)
(219, 235, 28)
(219, 246, 128)
(219, 58, 28)
(219, 604, 40)
(219, 579, 44)
(188, 604, 56)
(813, 604, 96)
(258, 182, 12)
(258, 538, 29)
(258, 890, 4)
(689, 836, 17)
(689, 986, 36)
(689, 604, 18)
(117, 604, 54)
(674, 604, 255)
(755, 604, 234)
(793, 604, 267)
(111, 604, 31)
(140, 604, 66)
(372, 604, 70)
(326, 604, 21)
(617, 604, 108)
(857, 604, 152)
(193, 604, 17)
(90, 604, 93)
(335, 604, 92)
(965, 604, 65)
(613, 604, 183)
(145, 604, 64)
(303, 604, 150)
(189, 604, 109)
(30, 604, 153)
(43, 604, 30)
(214, 604, 62)
(158, 604, 92)
(337, 604, 86)
(545, 604, 37)
(587, 604, 57)
(26, 604, 188)
(87, 604, 205)
(307, 604, 206)
(197, 604, 80)
(180, 604, 179)
(173, 604, 113)
(242, 604, 160)
(77, 604, 115)
(633, 604, 108)
(199, 604, 59)
(622, 604, 172)
(187, 604, 124)
(351, 604, 31)
(656, 604, 35)
(319, 604, 88)
(18, 604, 131)
(315, 604, 169)
(129, 604, 32)
(520, 604, 90)
(232, 604, 125)
(114, 604, 160)
(579, 604, 154)
(283, 604, 91)
(583, 604, 8)
(28, 604, 34)
(78, 604, 123)
(457, 604, 37)
(222, 604, 125)
(655, 604, 183)
(485, 604, 74)
(557, 604, 39)
(209, 604, 26)
(210, 604, 67)
(169, 604, 33)
(80, 604, 97)
(429, 604, 46)
(373, 604, 85)
(687, 604, 46)
(634, 604, 66)
(65, 604, 116)
(486, 604, 48)
(544, 604, 167)
(231, 604, 107)
(685, 604, 289)
(659, 604, 38)
(432, 604, 29)
(333, 604, 34)
(594, 604, 62)
(487, 604, 173)
(662, 604, 134)
(584, 604, 227)
(213, 604, 64)
(616, 604, 125)
(282, 604, 75)
(380, 604, 107)
(347, 604, 127)
(630, 604, 98)
(555, 604, 27)
(82, 604, 79)
(565, 604, 65)
(84, 604, 70)
(356, 604, 26)
(355, 604, 118)
(476, 604, 57)
(431, 604, 81)
(658, 604, 205)
(575, 604, 76)
(693, 604, 66)
(401, 604, 167)
(714, 604, 95)
(85, 604, 115)
(62, 604, 195)
(182, 604, 45)
(370, 604, 150)
(22, 604, 44)
(660, 604, 57)
(441, 604, 28)
(369, 604, 29)
(240, 604, 115)
(300, 604, 112)
(6, 604, 132)
(128, 604, 157)
(261, 604, 34)
(179, 604, 66)
(125, 604, 106)
(468, 604, 120)
(264, 604, 218)
(391, 604, 111)
(250, 604, 90)
(185, 604, 33)
(130, 604, 26)
(316, 604, 80)
(473, 604, 124)
(342, 604, 150)
(453, 604, 22)
(313, 604, 74)
(403, 604, 45)
(419, 604, 61)
(255, 604, 131)
(31, 604, 172)
(467, 604, 58)
(719, 604, 91)
(327, 604, 46)
(152, 604, 19)
(713, 604, 53)
(568, 604, 54)
(701, 604, 110)
(11, 604, 47)
(437, 604, 31)
(254, 604, 73)
(8, 604, 139)
(442, 604, 49)
(705, 604, 119)
(664, 604, 28)
(773, 604, 32)
(517, 604, 103)
(1, 604, 133)
(201, 604, 31)
(426, 604, 40)
(148, 604, 130)
(325, 604, 105)
(359, 604, 41)
(228, 604, 77)
(29, 604, 23)
(192, 604, 63)
(220, 604, 22)
(566, 604, 27)
(447, 604, 42)
(636, 604, 126)
(105, 604, 51)
(225, 604, 17)
(208, 604, 102)
(59, 604, 42)
(514, 604, 32)
(665, 604, 39)
(294, 604, 91)
(75, 604, 20)
(511, 604, 38)
(47, 604, 30)
(691, 604, 94)
(590, 604, 66)
(72, 604, 135)
(76, 796, 14)
(76, 604, 102)
(119, 604, 73)
(143, 604, 78)
(143, 766, 31)
(143, 148, 50)
(151, 235, 24)
(151, 428, 47)
(151, 942, 9)
(221, 962, 4)
(221, 90, 10)
(221, 604, 61)
(239, 604, 122)
(239, 658, 2)
(245, 323, 36)
(245, 87, 3)
(245, 162, 48)
(249, 604, 123)
(252, 585, 46)
(265, 604, 69)
(273, 881, 6)
(273, 584, 46)
(274, 23, 1)
(274, 584, 16)
(288, 546, 16)
(288, 294, 68)
(288, 756, 4)
(288, 50, 5)
(288, 604, 46)
(288, 561, 13)
(302, 917, 19)
(302, 604, 127)
(304, 78, 4)
(304, 685, 62)
(306, 111, 30)
(306, 343, 6)
(306, 383, 13)
(306, 993, 13)
(306, 982, 26)
(339, 800, 11)
(339, 514, 32)
(339, 809, 24)
(339, 26, 15)
(339, 828, 26)
(339, 300, 7)
(339, 173, 19)
(374, 604, 126)
(377, 917, 29)
(400, 790, 11)
(400, 130, 26)
(400, 307, 46)
(400, 460, 31)
(400, 682, 49)
(407, 159, 21)
(407, 604, 42)
(410, 604, 81)
(410, 128, 12)
(415, 941, 22)
(418, 604, 190)
(422, 203, 25)
(422, 766, 35)
(438, 555, 16)
(438, 791, 41)
(438, 138, 19)
(438, 197, 11)
(438, 261, 16)
(443, 604, 158)
(444, 250, 6)
(444, 636, 57)
(444, 604, 49)
(444, 558, 10)
(444, 927, 1)
(449, 23, 12)
(449, 604, 30)
(451, 604, 108)
(454, 604, 300)
(460, 604, 126)
(464, 604, 157)
(466, 897, 18)
(466, 370, 45)
(466, 953, 17)
(466, 604, 57)
(469, 604, 320)
(475, 65, 44)
(475, 538, 1)
(475, 954, 32)
(482, 456, 19)
(482, 776, 24)
(482, 766, 15)
(483, 604, 244)
(484, 604, 129)
(488, 401, 65)
(488, 584, 41)
(494, 242, 37)
(494, 604, 68)
(494, 180, 99)
(494, 173, 18)
(496, 941, 101)
(498, 307, 44)
(500, 468, 55)
(503, 280, 16)
(503, 604, 157)
(504, 970, 72)
(504, 604, 33)
(507, 742, 34)
(507, 291, 6)
(507, 959, 11)
(508, 785, 50)
(508, 604, 15)
(512, 373, 72)
(512, 851, 13)
(519, 843, 35)
(519, 604, 51)
(522, 712, 37)
(522, 604, 45)
(527, 604, 133)
(528, 817, 63)
(528, 63, 9)
(528, 673, 32)
(528, 50, 15)
(528, 520, 58)
(528, 232, 41)
(533, 483, 84)
(533, 843, 20)
(535, 307, 4)
(535, 604, 58)
(537, 282, 19)
(537, 264, 60)
(537, 604, 71)
(537, 677, 11)
(537, 436, 2)
(537, 766, 33)
(538, 604, 212)
(540, 654, 50)
(540, 380, 14)
(542, 26, 70)
(542, 604, 140)
(546, 604, 225)
(548, 594, 20)
(548, 956, 24)
(548, 974, 2)
(552, 264, 62)
(552, 604, 40)
(553, 604, 130)
(554, 214, 11)
(554, 222, 9)
(554, 946, 5)
(554, 986, 13)
(554, 1, 40)
(554, 604, 86)
(558, 604, 98)
(559, 604, 72)
(560, 553, 44)
(571, 658, 24)
(574, 65, 43)
(574, 22, 13)
(574, 810, 54)
(574, 604, 63)
(582, 18, 23)
(582, 917, 27)
(582, 890, 44)
(585, 604, 187)
(586, 604, 97)
(588, 604, 204)
(591, 604, 292)
(599, 35, 59)
(600, 604, 101)
(601, 962, 55)
(601, 883, 41)
(601, 775, 23)
(601, 23, 28)
(602, 87, 17)
(602, 604, 24)
(606, 604, 162)
(608, 63, 4)
(608, 565, 29)
(608, 685, 22)
(608, 604, 65)
(609, 604, 184)
(610, 604, 53)
(611, 82, 5)
(611, 859, 10)
(611, 476, 56)
(612, 604, 46)
(612, 613, 39)
(618, 634, 24)
(618, 600, 61)
(618, 832, 21)
(619, 917, 38)
(620, 30, 16)
(620, 891, 31)
(620, 903, 33)
(620, 924, 66)
(620, 71, 19)
(620, 585, 1)
(620, 413, 45)
(620, 487, 57)
(620, 604, 23)
(623, 588, 12)
(623, 604, 13)
(623, 766, 10)
(625, 636, 8)
(625, 604, 96)
(625, 862, 23)
(626, 342, 83)
(628, 785, 9)
(628, 935, 7)
(628, 383, 56)
(628, 622, 11)
(628, 351, 9)
(628, 53, 93)
(628, 441, 12)
(631, 242, 36)
(645, 604, 49)
(672, 604, 43)
(684, 604, 76)
(712, 604, 136)
(736, 604, 60)
(740, 604, 71)
(742, 604, 86)
(749, 604, 136)
(756, 604, 184)
(757, 604, 150)
(765, 604, 45)
(766, 604, 330)
(769, 604, 71)
(775, 604, 87)
(781, 604, 36)
(785, 604, 91)
(787, 604, 148)
(790, 604, 33)
(794, 604, 155)
(800, 604, 11)
(806, 604, 179)
(810, 604, 80)
(816, 604, 60)
(817, 604, 77)
(828, 604, 46)
(833, 604, 109)
(834, 604, 23)
(835, 604, 70)
(836, 604, 136)
(843, 604, 210)
(844, 604, 29)
(846, 604, 113)
(849, 604, 20)
(851, 604, 87)
(859, 604, 84)
(867, 604, 44)
(879, 604, 89)
(880, 604, 116)
(883, 604, 50)
(887, 604, 126)
(895, 604, 53)
(900, 604, 95)
(907, 604, 25)
(911, 604, 46)
(921, 604, 46)
(922, 604, 71)
(926, 604, 42)
(927, 604, 47)
(928, 604, 36)
(930, 604, 125)
(939, 604, 112)
(941, 604, 125)
(942, 604, 29)
(951, 604, 65)
(952, 604, 42)
(956, 604, 77)
(959, 604, 35)
(962, 604, 115)
(969, 604, 116)
(970, 604, 193)
(971, 604, 120)
(974, 604, 175)
(977, 604, 145)
(982, 604, 110)
(986, 604, 200)
(990, 604, 54)
(991, 604, 32)
