Value of maximum flow from 340 to 995 vertices: 126051
Flow:
(340, 816, 321)
(340, 655, 62)
(340, 915, 308)
(340, 592, 42)
(340, 684, 97)
(340, 730, 93)
(340, 800, 132)
(340, 207, 220)
(340, 724, 135)
(340, 586, 146)
(340, 201, 126)
(340, 771, 280)
(340, 868, 33)
(340, 476, 96)
(340, 593, 26)
(340, 377, 102)
(340, 864, 105)
(340, 304, 87)
(340, 449, 98)
(340, 894, 183)
(340, 332, 53)
(340, 159, 94)
(340, 701, 130)
(340, 511, 158)
(340, 544, 302)
(340, 980, 46)
(340, 752, 167)
(340, 5, 29)
(340, 576, 233)
(340, 784, 121)
(340, 820, 154)
(340, 528, 74)
(340, 762, 295)
(340, 822, 217)
(340, 992, 128)
(340, 987, 357)
(340, 328, 213)
(340, 40, 287)
(340, 672, 219)
(340, 417, 162)
(340, 747, 176)
(340, 814, 125)
(340, 288, 136)
(340, 44, 447)
(340, 208, 202)
(340, 48, 182)
(340, 873, 169)
(340, 339, 171)
(340, 515, 36)
(340, 726, 86)
(340, 912, 89)
(340, 121, 182)
(340, 981, 187)
(340, 782, 162)
(340, 461, 174)
(340, 945, 63)
(340, 76, 28)
(340, 214, 122)
(340, 744, 141)
(340, 352, 278)
(340, 486, 161)
(340, 429, 155)
(340, 953, 69)
(340, 801, 46)
(340, 811, 42)
(340, 979, 24)
(340, 653, 72)
(340, 443, 57)
(340, 387, 142)
(340, 783, 56)
(340, 342, 223)
(340, 620, 242)
(340, 308, 354)
(340, 880, 172)
(340, 504, 128)
(340, 632, 336)
(340, 382, 191)
(340, 897, 137)
(340, 80, 28)
(340, 84, 186)
(340, 335, 114)
(340, 236, 67)
(340, 929, 128)
(340, 835, 211)
(340, 753, 27)
(340, 939, 208)
(340, 806, 163)
(340, 86, 174)
(340, 667, 74)
(340, 785, 208)
(340, 565, 317)
(340, 246, 151)
(340, 648, 103)
(340, 925, 188)
(340, 737, 28)
(340, 930, 97)
(340, 559, 277)
(340, 281, 35)
(340, 465, 140)
(340, 849, 59)
(340, 434, 129)
(340, 61, 66)
(340, 869, 267)
(340, 63, 152)
(340, 986, 80)
(340, 678, 142)
(340, 974, 177)
(340, 279, 48)
(340, 344, 338)
(340, 567, 143)
(340, 569, 88)
(340, 731, 58)
(340, 871, 70)
(340, 665, 149)
(340, 36, 55)
(340, 899, 243)
(340, 210, 80)
(340, 931, 254)
(340, 520, 167)
(340, 978, 56)
(340, 640, 39)
(340, 242, 122)
(340, 311, 93)
(340, 7, 266)
(340, 867, 115)
(340, 111, 73)
(340, 401, 429)
(340, 824, 157)
(340, 447, 137)
(340, 491, 113)
(340, 526, 148)
(340, 178, 99)
(340, 875, 141)
(340, 663, 114)
(340, 259, 310)
(340, 131, 173)
(340, 39, 117)
(340, 244, 133)
(340, 394, 78)
(340, 546, 36)
(340, 85, 63)
(340, 754, 294)
(340, 194, 295)
(340, 171, 215)
(340, 989, 80)
(340, 962, 191)
(340, 309, 120)
(340, 226, 131)
(340, 49, 328)
(340, 213, 165)
(340, 132, 245)
(340, 750, 133)
(340, 463, 96)
(340, 62, 289)
(340, 977, 66)
(340, 828, 189)
(340, 850, 84)
(340, 73, 65)
(340, 418, 165)
(340, 758, 336)
(340, 4, 249)
(340, 882, 130)
(340, 693, 53)
(340, 160, 152)
(340, 535, 98)
(340, 530, 42)
(340, 994, 188)
(340, 333, 53)
(340, 222, 212)
(340, 861, 14)
(340, 129, 75)
(340, 3, 93)
(340, 243, 37)
(340, 170, 118)
(340, 890, 66)
(340, 502, 82)
(340, 947, 56)
(340, 870, 178)
(340, 505, 94)
(340, 327, 118)
(340, 608, 110)
(340, 792, 116)
(340, 451, 239)
(340, 675, 354)
(340, 935, 130)
(340, 282, 285)
(340, 610, 101)
(340, 37, 381)
(340, 10, 292)
(340, 198, 209)
(340, 891, 164)
(340, 81, 121)
(340, 221, 90)
(340, 562, 19)
(340, 845, 23)
(340, 547, 491)
(340, 719, 78)
(340, 256, 23)
(340, 492, 175)
(340, 355, 56)
(340, 862, 52)
(340, 403, 76)
(340, 480, 121)
(340, 787, 26)
(340, 876, 179)
(340, 587, 115)
(340, 134, 94)
(340, 799, 40)
(340, 683, 128)
(340, 205, 102)
(340, 984, 176)
(340, 908, 17)
(340, 851, 167)
(340, 538, 417)
(340, 2, 87)
(340, 45, 179)
(340, 122, 292)
(340, 90, 219)
(340, 679, 266)
(340, 696, 104)
(340, 531, 305)
(340, 960, 413)
(340, 532, 102)
(340, 933, 331)
(340, 498, 182)
(340, 437, 123)
(340, 479, 162)
(340, 254, 44)
(340, 289, 179)
(340, 628, 112)
(340, 606, 103)
(340, 83, 148)
(340, 700, 110)
(340, 189, 197)
(340, 804, 26)
(340, 909, 134)
(340, 821, 319)
(340, 759, 225)
(340, 651, 47)
(340, 836, 159)
(340, 203, 120)
(340, 570, 155)
(340, 197, 89)
(340, 965, 234)
(340, 830, 270)
(340, 692, 119)
(340, 866, 170)
(340, 892, 242)
(340, 204, 202)
(340, 66, 361)
(340, 64, 91)
(340, 240, 107)
(340, 338, 44)
(340, 708, 58)
(340, 25, 51)
(340, 396, 259)
(340, 798, 27)
(340, 87, 79)
(340, 788, 125)
(340, 405, 239)
(340, 703, 118)
(340, 996, 193)
(340, 466, 129)
(340, 436, 61)
(340, 490, 62)
(340, 252, 49)
(340, 548, 81)
(340, 765, 121)
(340, 431, 103)
(340, 248, 28)
(340, 514, 189)
(340, 583, 99)
(340, 500, 58)
(340, 884, 139)
(340, 738, 189)
(340, 639, 145)
(340, 310, 133)
(340, 598, 166)
(340, 624, 106)
(340, 303, 142)
(340, 833, 83)
(340, 163, 121)
(340, 524, 198)
(340, 770, 194)
(340, 574, 93)
(340, 950, 78)
(340, 773, 93)
(340, 446, 66)
(340, 187, 219)
(340, 855, 77)
(340, 130, 53)
(340, 805, 124)
(340, 829, 157)
(340, 292, 100)
(340, 124, 208)
(340, 15, 47)
(340, 416, 262)
(340, 425, 107)
(340, 148, 183)
(340, 457, 262)
(340, 901, 193)
(340, 946, 24)
(340, 120, 61)
(340, 856, 112)
(340, 660, 250)
(340, 116, 31)
(340, 404, 20)
(340, 948, 45)
(340, 395, 29)
(340, 746, 241)
(340, 297, 120)
(340, 369, 45)
(340, 810, 21)
(340, 769, 39)
(340, 793, 55)
(340, 75, 62)
(340, 321, 126)
(340, 613, 47)
(340, 227, 323)
(340, 803, 102)
(340, 274, 273)
(340, 918, 247)
(340, 79, 91)
(340, 438, 31)
(340, 33, 127)
(340, 293, 309)
(340, 597, 166)
(340, 65, 295)
(340, 883, 168)
(340, 59, 305)
(340, 53, 168)
(340, 542, 241)
(340, 267, 85)
(340, 534, 47)
(340, 94, 135)
(340, 501, 150)
(340, 164, 54)
(340, 107, 15)
(340, 415, 144)
(340, 955, 219)
(340, 249, 98)
(340, 454, 268)
(340, 767, 171)
(340, 982, 147)
(340, 426, 102)
(340, 92, 40)
(340, 305, 78)
(340, 156, 75)
(340, 155, 213)
(340, 560, 18)
(340, 757, 249)
(340, 389, 380)
(340, 186, 125)
(340, 541, 69)
(340, 260, 194)
(340, 368, 173)
(340, 552, 64)
(340, 413, 51)
(340, 518, 222)
(340, 898, 254)
(340, 162, 79)
(340, 20, 38)
(340, 241, 52)
(340, 934, 79)
(340, 716, 84)
(340, 621, 150)
(340, 440, 78)
(340, 582, 121)
(340, 966, 314)
(340, 551, 316)
(340, 905, 175)
(340, 529, 47)
(340, 177, 71)
(340, 298, 87)
(340, 998, 395)
(340, 421, 76)
(340, 98, 298)
(340, 474, 148)
(340, 605, 210)
(340, 432, 244)
(340, 230, 80)
(340, 228, 109)
(340, 211, 50)
(340, 158, 21)
(340, 756, 108)
(340, 114, 416)
(340, 596, 138)
(340, 374, 116)
(340, 887, 40)
(340, 723, 97)
(340, 631, 98)
(340, 356, 184)
(340, 709, 299)
(340, 919, 69)
(340, 358, 101)
(340, 743, 68)
(340, 656, 193)
(340, 312, 83)
(340, 951, 25)
(340, 637, 58)
(340, 275, 91)
(340, 650, 49)
(340, 119, 101)
(340, 599, 13)
(340, 983, 52)
(340, 192, 162)
(340, 57, 82)
(340, 483, 262)
(340, 566, 48)
(340, 202, 230)
(340, 257, 259)
(340, 16, 150)
(340, 422, 127)
(340, 527, 156)
(340, 373, 91)
(340, 487, 26)
(340, 959, 105)
(340, 493, 28)
(340, 572, 58)
(340, 519, 203)
(340, 813, 150)
(340, 31, 29)
(340, 8, 72)
(340, 77, 54)
(340, 375, 238)
(340, 470, 79)
(340, 460, 183)
(340, 710, 58)
(340, 453, 438)
(340, 136, 184)
(340, 791, 203)
(340, 185, 170)
(340, 838, 384)
(340, 489, 92)
(340, 314, 326)
(340, 537, 123)
(340, 817, 182)
(340, 225, 78)
(340, 516, 12)
(340, 199, 261)
(340, 271, 251)
(340, 549, 88)
(340, 399, 71)
(340, 430, 261)
(340, 361, 97)
(340, 219, 171)
(340, 642, 211)
(340, 450, 124)
(340, 337, 228)
(340, 920, 43)
(340, 687, 134)
(340, 78, 166)
(340, 363, 112)
(340, 568, 96)
(340, 341, 128)
(340, 392, 65)
(340, 118, 118)
(340, 112, 35)
(340, 550, 202)
(340, 223, 223)
(340, 34, 122)
(340, 188, 197)
(340, 847, 95)
(340, 280, 47)
(340, 725, 248)
(340, 427, 94)
(340, 147, 253)
(340, 557, 168)
(340, 494, 46)
(340, 388, 89)
(340, 988, 43)
(340, 662, 166)
(340, 318, 374)
(340, 351, 201)
(340, 736, 131)
(340, 139, 131)
(340, 100, 117)
(340, 818, 184)
(340, 251, 132)
(340, 247, 21)
(340, 594, 238)
(340, 383, 107)
(340, 968, 196)
(340, 128, 137)
(340, 301, 19)
(340, 179, 61)
(340, 706, 168)
(340, 616, 166)
(340, 140, 26)
(340, 307, 97)
(340, 295, 161)
(340, 695, 38)
(340, 97, 36)
(340, 853, 265)
(340, 472, 266)
(340, 68, 44)
(340, 104, 186)
(340, 717, 183)
(340, 317, 101)
(340, 954, 185)
(340, 329, 129)
(340, 215, 60)
(340, 713, 102)
(340, 635, 91)
(340, 473, 79)
(340, 768, 153)
(340, 745, 335)
(340, 808, 34)
(340, 133, 158)
(340, 343, 131)
(340, 393, 170)
(340, 218, 43)
(340, 70, 24)
(340, 424, 123)
(340, 206, 62)
(340, 766, 101)
(340, 18, 277)
(340, 812, 94)
(340, 512, 98)
(340, 322, 27)
(340, 331, 375)
(340, 581, 129)
(340, 14, 49)
(340, 484, 293)
(340, 55, 99)
(340, 579, 220)
(340, 154, 152)
(340, 135, 32)
(340, 682, 98)
(340, 290, 161)
(340, 445, 146)
(340, 671, 249)
(340, 51, 23)
(340, 937, 162)
(340, 698, 142)
(340, 761, 309)
(340, 381, 50)
(340, 585, 57)
(340, 735, 400)
(340, 146, 109)
(340, 173, 163)
(340, 839, 73)
(340, 43, 112)
(340, 774, 208)
(340, 145, 125)
(340, 508, 91)
(340, 964, 28)
(340, 41, 174)
(340, 323, 230)
(340, 525, 211)
(340, 444, 120)
(340, 184, 152)
(340, 858, 73)
(340, 149, 22)
(340, 29, 24)
(340, 540, 36)
(340, 103, 213)
(340, 96, 45)
(340, 386, 168)
(340, 82, 83)
(340, 175, 101)
(340, 922, 153)
(340, 652, 119)
(340, 161, 251)
(340, 775, 64)
(340, 400, 102)
(340, 834, 32)
(340, 906, 169)
(340, 216, 99)
(340, 12, 75)
(340, 602, 405)
(340, 272, 59)
(340, 702, 125)
(340, 217, 85)
(340, 26, 222)
(340, 634, 161)
(340, 740, 91)
(340, 958, 16)
(340, 681, 287)
(340, 296, 150)
(340, 614, 49)
(340, 414, 102)
(340, 151, 181)
(340, 384, 222)
(340, 928, 239)
(340, 522, 249)
(340, 699, 316)
(340, 611, 179)
(340, 347, 402)
(340, 727, 265)
(340, 938, 390)
(340, 270, 192)
(340, 510, 159)
(340, 972, 262)
(340, 674, 61)
(340, 646, 75)
(340, 902, 254)
(340, 19, 30)
(340, 433, 291)
(340, 760, 239)
(340, 617, 185)
(340, 976, 115)
(340, 190, 107)
(340, 827, 32)
(340, 11, 108)
(340, 372, 323)
(340, 300, 112)
(340, 669, 145)
(340, 721, 56)
(340, 299, 251)
(340, 588, 49)
(340, 123, 122)
(340, 507, 185)
(340, 181, 112)
(340, 286, 257)
(340, 481, 151)
(340, 539, 75)
(340, 661, 153)
(340, 345, 18)
(340, 961, 175)
(340, 336, 450)
(340, 58, 315)
(340, 183, 26)
(340, 779, 46)
(340, 997, 155)
(340, 326, 171)
(340, 545, 95)
(340, 169, 249)
(340, 115, 224)
(340, 795, 113)
(340, 47, 152)
(340, 863, 53)
(340, 932, 274)
(340, 786, 161)
(340, 601, 27)
(340, 815, 245)
(340, 266, 125)
(340, 269, 43)
(340, 30, 243)
(340, 789, 201)
(340, 74, 216)
(340, 143, 55)
(340, 402, 80)
(340, 362, 256)
(340, 910, 148)
(340, 195, 91)
(340, 763, 111)
(340, 517, 193)
(340, 852, 229)
(340, 971, 177)
(340, 790, 37)
(340, 807, 220)
(340, 666, 196)
(340, 633, 108)
(340, 619, 75)
(340, 689, 205)
(340, 469, 136)
(340, 306, 30)
(340, 957, 222)
(340, 657, 391)
(340, 885, 79)
(340, 359, 174)
(340, 618, 131)
(340, 42, 207)
(340, 991, 59)
(340, 261, 45)
(340, 629, 72)
(340, 174, 106)
(340, 720, 34)
(340, 513, 67)
(340, 872, 32)
(340, 419, 57)
(340, 924, 122)
(340, 364, 119)
(340, 748, 29)
(340, 452, 116)
(340, 643, 139)
(340, 106, 103)
(340, 641, 219)
(340, 253, 43)
(340, 46, 66)
(340, 229, 141)
(340, 691, 82)
(340, 209, 106)
(340, 612, 250)
(340, 940, 125)
(340, 144, 148)
(340, 712, 39)
(340, 268, 98)
(340, 284, 144)
(340, 649, 68)
(340, 970, 115)
(340, 167, 278)
(340, 316, 68)
(340, 462, 314)
(340, 54, 165)
(340, 464, 136)
(340, 88, 101)
(340, 732, 274)
(340, 625, 75)
(340, 556, 43)
(340, 380, 119)
(340, 764, 31)
(340, 533, 373)
(340, 127, 204)
(340, 921, 230)
(340, 694, 76)
(340, 711, 170)
(340, 825, 15)
(340, 797, 152)
(340, 521, 161)
(340, 150, 333)
(340, 455, 188)
(340, 22, 157)
(340, 714, 134)
(340, 846, 186)
(340, 578, 107)
(340, 733, 53)
(340, 477, 53)
(340, 231, 193)
(340, 176, 110)
(340, 859, 265)
(340, 509, 388)
(340, 17, 193)
(340, 320, 16)
(340, 13, 185)
(340, 832, 219)
(340, 142, 69)
(340, 749, 43)
(340, 428, 218)
(340, 113, 97)
(340, 819, 98)
(340, 200, 40)
(340, 781, 96)
(340, 644, 136)
(340, 780, 54)
(340, 600, 60)
(340, 277, 189)
(340, 488, 137)
(340, 564, 328)
(340, 888, 349)
(340, 718, 90)
(340, 705, 54)
(340, 907, 303)
(340, 313, 128)
(340, 973, 107)
(340, 50, 59)
(340, 276, 137)
(340, 220, 308)
(340, 360, 59)
(340, 715, 51)
(340, 349, 50)
(340, 435, 237)
(340, 38, 96)
(340, 172, 82)
(340, 941, 265)
(340, 224, 314)
(340, 673, 229)
(340, 376, 223)
(340, 589, 201)
(340, 523, 54)
(340, 262, 153)
(340, 408, 60)
(340, 677, 602)
(340, 212, 457)
(340, 238, 188)
(340, 287, 191)
(340, 423, 53)
(340, 914, 153)
(340, 125, 101)
(340, 823, 139)
(340, 496, 184)
(340, 878, 400)
(340, 478, 161)
(340, 497, 129)
(340, 283, 137)
(340, 264, 239)
(340, 802, 75)
(340, 235, 87)
(340, 468, 44)
(340, 554, 198)
(340, 482, 215)
(340, 366, 26)
(340, 285, 160)
(340, 391, 156)
(340, 232, 84)
(340, 141, 273)
(340, 353, 352)
(340, 67, 127)
(340, 69, 237)
(340, 250, 120)
(340, 990, 57)
(340, 904, 186)
(340, 755, 148)
(340, 105, 296)
(340, 739, 53)
(340, 638, 32)
(340, 27, 241)
(340, 942, 282)
(340, 193, 89)
(340, 591, 206)
(340, 969, 103)
(340, 809, 72)
(340, 302, 144)
(340, 379, 75)
(340, 956, 23)
(340, 848, 69)
(340, 263, 29)
(340, 734, 90)
(340, 796, 221)
(340, 357, 50)
(340, 9, 180)
(340, 165, 73)
(340, 604, 119)
(340, 21, 278)
(340, 168, 107)
(340, 459, 31)
(340, 975, 68)
(340, 841, 121)
(340, 99, 111)
(340, 561, 105)
(340, 573, 58)
(340, 571, 74)
(340, 952, 136)
(340, 842, 130)
(340, 255, 102)
(340, 659, 490)
(340, 506, 406)
(340, 95, 215)
(340, 467, 134)
(340, 636, 108)
(340, 196, 88)
(340, 843, 19)
(340, 751, 166)
(340, 895, 101)
(340, 985, 230)
(340, 412, 125)
(340, 840, 156)
(340, 378, 78)
(340, 927, 320)
(340, 844, 92)
(340, 409, 57)
(340, 334, 192)
(340, 575, 264)
(340, 670, 29)
(340, 370, 68)
(340, 485, 242)
(340, 503, 115)
(340, 607, 34)
(340, 411, 139)
(340, 903, 135)
(340, 346, 43)
(340, 580, 17)
(340, 926, 74)
(340, 354, 306)
(340, 233, 109)
(340, 1, 276)
(340, 182, 48)
(340, 676, 60)
(340, 886, 105)
(340, 879, 313)
(340, 138, 90)
(340, 609, 98)
(340, 555, 75)
(340, 685, 12)
(340, 911, 117)
(340, 348, 203)
(340, 180, 94)
(340, 794, 236)
(340, 152, 134)
(340, 943, 72)
(340, 93, 98)
(340, 245, 55)
(76, 995, 127)
(36, 995, 315)
(254, 995, 178)
(574, 995, 124)
(415, 875, 15)
(415, 995, 100)
(415, 500, 2)
(415, 361, 27)
(637, 737, 14)
(637, 502, 44)
(341, 76, 48)
(341, 399, 47)
(341, 459, 33)
(343, 995, 369)
(834, 995, 41)
(58, 793, 69)
(58, 365, 83)
(58, 971, 5)
(58, 712, 57)
(58, 50, 32)
(58, 809, 69)
(106, 995, 99)
(106, 346, 4)
(819, 530, 38)
(819, 995, 60)
(141, 562, 2)
(141, 995, 49)
(141, 766, 55)
(141, 749, 38)
(141, 896, 129)
(670, 995, 126)
(784, 877, 105)
(784, 995, 16)
(86, 877, 9)
(86, 963, 57)
(86, 995, 67)
(86, 700, 33)
(86, 224, 8)
(989, 995, 168)
(862, 995, 323)
(798, 995, 180)
(769, 995, 116)
(551, 208, 26)
(551, 80, 15)
(551, 226, 17)
(551, 995, 66)
(551, 630, 52)
(551, 902, 25)
(551, 741, 91)
(551, 848, 11)
(551, 370, 13)
(453, 747, 26)
(453, 912, 2)
(453, 897, 31)
(453, 640, 8)
(453, 995, 104)
(453, 856, 47)
(453, 817, 15)
(453, 831, 79)
(453, 736, 23)
(453, 154, 38)
(453, 183, 8)
(453, 423, 3)
(453, 378, 54)
(128, 995, 104)
(128, 749, 24)
(128, 896, 9)
(735, 595, 4)
(735, 995, 75)
(735, 479, 45)
(735, 324, 68)
(735, 710, 34)
(735, 108, 71)
(735, 360, 12)
(735, 67, 91)
(646, 995, 104)
(790, 995, 193)
(921, 995, 74)
(921, 156, 16)
(921, 272, 56)
(921, 126, 26)
(921, 704, 58)
(523, 995, 201)
(408, 995, 42)
(408, 488, 18)
(841, 502, 51)
(841, 166, 70)
(684, 995, 56)
(684, 431, 20)
(684, 35, 21)
(429, 995, 94)
(429, 263, 61)
(640, 995, 47)
(947, 995, 361)
(700, 995, 374)
(855, 995, 318)
(426, 995, 118)
(192, 995, 48)
(192, 722, 63)
(192, 707, 11)
(192, 50, 40)
(223, 881, 12)
(223, 995, 85)
(223, 444, 19)
(223, 865, 35)
(223, 739, 72)
(206, 995, 320)
(272, 995, 115)
(545, 333, 4)
(545, 792, 51)
(545, 361, 40)
(691, 995, 94)
(600, 995, 146)
(904, 577, 68)
(904, 52, 20)
(904, 345, 42)
(904, 763, 23)
(904, 555, 33)
(411, 76, 19)
(411, 995, 21)
(411, 164, 32)
(411, 523, 67)
(987, 811, 76)
(987, 36, 116)
(987, 311, 22)
(987, 995, 24)
(987, 548, 106)
(987, 623, 13)
(648, 995, 96)
(648, 108, 7)
(213, 995, 233)
(587, 995, 171)
(466, 109, 44)
(466, 995, 23)
(466, 603, 62)
(227, 653, 116)
(227, 403, 36)
(227, 183, 95)
(227, 268, 33)
(227, 625, 39)
(227, 378, 4)
(421, 995, 151)
(489, 995, 166)
(140, 995, 37)
(774, 995, 202)
(774, 896, 6)
(617, 995, 193)
(689, 653, 27)
(689, 995, 57)
(689, 537, 10)
(689, 831, 81)
(689, 715, 30)
(306, 995, 35)
(455, 992, 31)
(455, 995, 100)
(455, 283, 57)
(423, 995, 100)
(952, 995, 161)
(586, 995, 299)
(653, 995, 341)
(111, 720, 73)
(792, 995, 203)
(759, 653, 48)
(759, 995, 122)
(759, 537, 14)
(759, 268, 41)
(124, 995, 166)
(124, 549, 10)
(124, 24, 4)
(124, 301, 10)
(124, 51, 8)
(124, 161, 10)
(560, 995, 85)
(257, 995, 97)
(257, 949, 68)
(257, 438, 76)
(257, 763, 18)
(725, 871, 220)
(725, 630, 28)
(322, 995, 65)
(740, 995, 196)
(863, 995, 248)
(712, 995, 277)
(718, 995, 38)
(718, 253, 52)
(27, 355, 52)
(27, 995, 83)
(27, 374, 41)
(27, 808, 65)
(354, 868, 42)
(354, 236, 7)
(354, 845, 57)
(354, 163, 18)
(354, 584, 68)
(354, 728, 40)
(354, 702, 30)
(354, 941, 20)
(354, 302, 24)
(747, 995, 202)
(281, 995, 138)
(977, 995, 172)
(984, 995, 106)
(984, 855, 25)
(984, 110, 31)
(984, 329, 7)
(984, 216, 7)
(765, 854, 20)
(765, 889, 67)
(765, 263, 34)
(438, 995, 219)
(230, 995, 166)
(516, 995, 182)
(853, 442, 48)
(853, 995, 161)
(853, 900, 37)
(853, 182, 19)
(68, 995, 163)
(444, 995, 269)
(669, 289, 1)
(669, 385, 50)
(669, 687, 94)
(618, 995, 114)
(618, 101, 17)
(733, 995, 204)
(878, 995, 94)
(878, 162, 6)
(878, 934, 88)
(878, 98, 26)
(878, 356, 57)
(878, 72, 73)
(878, 488, 43)
(878, 842, 13)
(593, 664, 26)
(620, 995, 130)
(620, 431, 27)
(620, 743, 10)
(620, 258, 7)
(620, 46, 68)
(526, 995, 163)
(610, 995, 330)
(197, 995, 95)
(457, 862, 4)
(457, 995, 258)
(541, 995, 148)
(373, 414, 30)
(373, 666, 61)
(494, 995, 202)
(484, 243, 84)
(484, 995, 124)
(484, 369, 43)
(484, 448, 14)
(484, 748, 28)
(614, 995, 67)
(815, 592, 38)
(815, 995, 134)
(815, 361, 6)
(815, 717, 43)
(815, 316, 24)
(970, 995, 79)
(970, 964, 34)
(970, 346, 2)
(973, 995, 217)
(969, 995, 142)
(676, 767, 15)
(676, 385, 45)
(208, 995, 231)
(869, 995, 153)
(869, 225, 42)
(869, 284, 44)
(869, 234, 28)
(758, 995, 107)
(758, 120, 40)
(758, 501, 69)
(758, 191, 120)
(45, 995, 86)
(45, 865, 93)
(583, 800, 48)
(583, 213, 19)
(583, 995, 32)
(65, 995, 111)
(65, 35, 2)
(65, 422, 77)
(65, 470, 63)
(65, 89, 42)
(756, 995, 161)
(596, 881, 5)
(596, 995, 73)
(596, 253, 21)
(596, 739, 39)
(430, 995, 139)
(430, 219, 30)
(430, 379, 30)
(430, 985, 62)
(954, 995, 110)
(954, 712, 51)
(954, 50, 24)
(540, 995, 292)
(629, 995, 175)
(859, 995, 304)
(264, 989, 63)
(264, 226, 15)
(264, 995, 121)
(264, 32, 8)
(264, 902, 32)
(843, 995, 117)
(894, 868, 56)
(894, 338, 88)
(894, 321, 39)
(632, 978, 16)
(632, 394, 3)
(632, 129, 21)
(632, 81, 27)
(632, 995, 41)
(632, 917, 10)
(632, 385, 22)
(632, 540, 113)
(632, 26, 83)
(259, 737, 57)
(259, 947, 23)
(259, 995, 66)
(259, 686, 54)
(259, 273, 110)
(891, 995, 161)
(891, 15, 1)
(891, 733, 2)
(866, 995, 108)
(866, 265, 12)
(866, 195, 35)
(866, 619, 11)
(866, 649, 4)
(856, 995, 272)
(413, 753, 13)
(413, 995, 26)
(413, 767, 12)
(572, 995, 68)
(318, 881, 9)
(318, 81, 88)
(318, 995, 110)
(318, 690, 14)
(318, 357, 153)
(135, 995, 116)
(928, 995, 118)
(928, 856, 65)
(928, 206, 56)
(789, 995, 39)
(789, 369, 87)
(789, 315, 10)
(789, 284, 65)
(54, 995, 165)
(360, 995, 71)
(956, 995, 40)
(555, 995, 145)
(515, 913, 13)
(515, 995, 23)
(974, 995, 114)
(974, 499, 55)
(974, 617, 8)
(535, 995, 34)
(535, 137, 60)
(535, 848, 4)
(696, 995, 84)
(696, 182, 20)
(960, 995, 229)
(960, 20, 19)
(960, 584, 64)
(960, 764, 101)
(624, 995, 128)
(267, 913, 33)
(267, 995, 52)
(356, 995, 250)
(450, 995, 168)
(635, 995, 62)
(635, 458, 29)
(82, 995, 106)
(481, 610, 44)
(481, 995, 41)
(481, 138, 66)
(872, 995, 91)
(13, 995, 230)
(554, 995, 52)
(554, 722, 13)
(554, 406, 49)
(554, 686, 45)
(554, 969, 39)
(840, 995, 38)
(840, 68, 36)
(840, 936, 38)
(840, 459, 44)
(511, 279, 6)
(511, 327, 4)
(511, 995, 98)
(511, 130, 50)
(335, 995, 68)
(335, 444, 7)
(335, 253, 39)
(394, 995, 194)
(845, 995, 113)
(64, 995, 327)
(948, 995, 243)
(20, 995, 171)
(8, 995, 74)
(100, 995, 112)
(100, 580, 5)
(671, 862, 4)
(671, 995, 63)
(671, 292, 20)
(671, 20, 66)
(671, 584, 27)
(671, 392, 69)
(347, 995, 280)
(347, 113, 122)
(362, 995, 166)
(362, 748, 20)
(362, 234, 16)
(362, 325, 54)
(625, 995, 114)
(38, 995, 35)
(38, 499, 21)
(38, 733, 40)
(796, 889, 61)
(796, 798, 111)
(796, 983, 2)
(796, 795, 47)
(794, 995, 135)
(794, 123, 101)
(981, 995, 165)
(981, 516, 20)
(981, 580, 2)
(569, 995, 116)
(871, 995, 316)
(861, 995, 92)
(437, 995, 123)
(524, 979, 37)
(524, 995, 137)
(524, 749, 24)
(164, 995, 214)
(656, 995, 203)
(363, 995, 140)
(808, 995, 200)
(775, 995, 130)
(961, 281, 67)
(961, 300, 47)
(961, 865, 61)
(452, 995, 92)
(452, 300, 24)
(428, 610, 21)
(428, 471, 25)
(428, 948, 76)
(428, 388, 18)
(428, 317, 57)
(428, 269, 15)
(428, 733, 6)
(391, 995, 105)
(391, 173, 51)
(334, 995, 279)
(5, 995, 150)
(939, 36, 69)
(939, 995, 40)
(939, 276, 80)
(939, 459, 19)
(492, 995, 135)
(492, 126, 40)
(25, 995, 113)
(369, 995, 196)
(440, 995, 272)
(460, 995, 179)
(460, 315, 4)
(594, 995, 170)
(594, 75, 11)
(594, 358, 4)
(594, 334, 53)
(381, 995, 36)
(381, 749, 14)
(972, 995, 131)
(972, 98, 29)
(972, 216, 54)
(972, 113, 2)
(972, 180, 46)
(517, 655, 60)
(517, 729, 72)
(517, 324, 1)
(517, 474, 11)
(517, 677, 25)
(517, 193, 24)
(533, 875, 44)
(533, 995, 108)
(533, 92, 26)
(533, 421, 75)
(533, 717, 29)
(533, 400, 22)
(533, 720, 65)
(533, 316, 4)
(376, 995, 133)
(376, 358, 42)
(376, 766, 24)
(376, 19, 24)
(604, 527, 16)
(604, 237, 41)
(604, 790, 4)
(604, 306, 5)
(604, 142, 25)
(604, 407, 1)
(604, 263, 27)
(168, 995, 161)
(915, 979, 94)
(915, 410, 20)
(915, 995, 84)
(915, 15, 35)
(915, 138, 75)
(352, 871, 11)
(352, 615, 97)
(352, 995, 24)
(352, 855, 55)
(352, 713, 27)
(352, 29, 31)
(352, 196, 33)
(931, 995, 172)
(931, 712, 82)
(890, 995, 44)
(890, 312, 11)
(890, 705, 11)
(606, 995, 63)
(606, 225, 40)
(446, 995, 162)
(454, 995, 79)
(454, 19, 32)
(454, 705, 34)
(454, 896, 31)
(454, 69, 18)
(454, 412, 28)
(454, 844, 46)
(119, 610, 101)
(112, 995, 120)
(70, 995, 335)
(12, 871, 15)
(12, 32, 60)
(997, 442, 28)
(997, 995, 38)
(997, 837, 41)
(997, 580, 48)
(46, 995, 213)
(644, 995, 166)
(69, 995, 337)
(503, 806, 55)
(503, 85, 39)
(503, 383, 13)
(503, 848, 8)
(762, 947, 154)
(762, 995, 65)
(762, 64, 75)
(762, 172, 1)
(565, 56, 21)
(565, 995, 201)
(565, 501, 29)
(565, 230, 40)
(565, 301, 26)
(787, 995, 240)
(405, 562, 57)
(405, 995, 123)
(405, 645, 59)
(321, 995, 192)
(177, 995, 153)
(185, 330, 26)
(185, 995, 29)
(185, 692, 21)
(185, 230, 2)
(185, 191, 92)
(706, 913, 30)
(706, 610, 7)
(706, 995, 59)
(706, 254, 72)
(839, 980, 16)
(839, 988, 29)
(839, 766, 28)
(433, 953, 49)
(433, 995, 115)
(433, 946, 82)
(433, 688, 24)
(433, 229, 21)
(633, 995, 76)
(633, 988, 32)
(825, 995, 57)
(521, 398, 1)
(521, 995, 24)
(521, 810, 65)
(521, 988, 3)
(521, 645, 24)
(521, 749, 11)
(521, 69, 33)
(573, 995, 112)
(207, 995, 70)
(207, 343, 150)
(811, 995, 173)
(7, 980, 6)
(7, 995, 186)
(7, 656, 2)
(7, 988, 57)
(7, 749, 15)
(327, 995, 215)
(909, 18, 63)
(909, 445, 71)
(829, 995, 186)
(156, 995, 106)
(566, 995, 123)
(847, 995, 56)
(847, 444, 39)
(812, 995, 81)
(812, 70, 13)
(26, 995, 305)
(795, 995, 279)
(940, 655, 59)
(940, 995, 51)
(940, 572, 1)
(940, 96, 14)
(564, 995, 40)
(564, 692, 62)
(564, 425, 5)
(564, 18, 23)
(564, 322, 38)
(564, 234, 75)
(564, 685, 85)
(739, 995, 247)
(580, 995, 302)
(672, 995, 173)
(672, 420, 7)
(672, 501, 22)
(672, 191, 17)
(930, 995, 213)
(463, 995, 553)
(683, 995, 209)
(252, 995, 89)
(918, 995, 103)
(918, 688, 60)
(918, 365, 84)
(605, 995, 188)
(605, 855, 22)
(817, 995, 197)
(695, 775, 38)
(964, 995, 189)
(323, 737, 35)
(323, 995, 31)
(323, 722, 42)
(323, 101, 86)
(323, 971, 36)
(372, 995, 273)
(372, 624, 22)
(372, 158, 28)
(885, 995, 360)
(846, 995, 126)
(846, 19, 60)
(823, 995, 144)
(659, 76, 16)
(659, 854, 21)
(659, 995, 242)
(659, 889, 61)
(659, 527, 14)
(659, 225, 96)
(659, 748, 40)
(868, 995, 142)
(783, 995, 55)
(783, 686, 1)
(447, 995, 86)
(447, 158, 51)
(935, 562, 30)
(935, 988, 6)
(935, 896, 77)
(935, 412, 17)
(203, 995, 108)
(203, 253, 12)
(425, 995, 112)
(389, 355, 45)
(389, 995, 124)
(389, 500, 40)
(389, 950, 71)
(389, 23, 37)
(389, 650, 14)
(389, 516, 1)
(389, 400, 11)
(389, 125, 37)
(422, 995, 323)
(147, 845, 30)
(147, 424, 120)
(147, 682, 42)
(147, 728, 19)
(147, 843, 42)
(581, 977, 22)
(581, 995, 107)
(681, 995, 197)
(681, 110, 90)
(786, 995, 122)
(786, 422, 39)
(907, 995, 202)
(907, 717, 64)
(907, 316, 37)
(193, 995, 113)
(1, 995, 108)
(1, 440, 106)
(1, 688, 62)
(434, 995, 62)
(434, 134, 67)
(73, 995, 193)
(538, 995, 213)
(538, 23, 18)
(538, 441, 145)
(538, 580, 41)
(248, 995, 188)
(211, 801, 26)
(211, 343, 17)
(211, 365, 7)
(271, 463, 70)
(271, 862, 3)
(271, 995, 132)
(271, 248, 10)
(271, 200, 36)
(549, 995, 98)
(717, 995, 436)
(149, 798, 18)
(149, 325, 4)
(991, 995, 21)
(991, 580, 38)
(231, 912, 5)
(231, 403, 33)
(231, 995, 73)
(231, 541, 79)
(231, 691, 3)
(497, 995, 179)
(636, 995, 158)
(880, 995, 117)
(880, 560, 35)
(880, 268, 20)
(875, 995, 254)
(10, 91, 13)
(10, 995, 152)
(10, 173, 64)
(10, 666, 21)
(10, 108, 42)
(830, 592, 55)
(830, 875, 54)
(830, 995, 50)
(830, 837, 39)
(830, 720, 30)
(830, 441, 21)
(830, 802, 21)
(946, 995, 106)
(368, 995, 160)
(368, 560, 13)
(959, 995, 227)
(988, 995, 272)
(579, 157, 30)
(579, 995, 117)
(579, 499, 44)
(579, 419, 29)
(151, 995, 278)
(269, 995, 215)
(276, 995, 323)
(302, 995, 339)
(138, 995, 392)
(873, 995, 95)
(873, 688, 26)
(873, 763, 48)
(986, 327, 46)
(986, 599, 34)
(693, 502, 15)
(693, 947, 38)
(90, 995, 136)
(90, 218, 30)
(90, 971, 53)
(738, 930, 48)
(738, 129, 24)
(738, 995, 117)
(310, 995, 35)
(310, 622, 38)
(310, 661, 60)
(53, 826, 89)
(53, 651, 30)
(53, 536, 49)
(723, 995, 60)
(723, 601, 31)
(723, 284, 6)
(219, 995, 341)
(215, 748, 21)
(215, 325, 39)
(96, 995, 173)
(181, 995, 77)
(181, 516, 35)
(720, 995, 264)
(17, 995, 63)
(17, 385, 52)
(17, 494, 40)
(17, 357, 38)
(235, 995, 41)
(235, 20, 46)
(985, 995, 348)
(159, 995, 40)
(159, 113, 41)
(159, 600, 13)
(80, 995, 43)
(39, 995, 178)
(221, 811, 8)
(221, 164, 28)
(221, 923, 33)
(221, 22, 21)
(204, 995, 155)
(204, 865, 47)
(116, 619, 3)
(116, 182, 28)
(898, 121, 39)
(898, 129, 12)
(898, 995, 98)
(898, 901, 20)
(898, 145, 42)
(898, 834, 9)
(898, 497, 34)
(813, 977, 25)
(813, 530, 63)
(813, 995, 62)
(736, 995, 154)
(290, 995, 115)
(290, 195, 2)
(290, 619, 44)
(699, 995, 175)
(699, 680, 17)
(699, 369, 7)
(699, 363, 28)
(699, 315, 20)
(699, 448, 6)
(699, 234, 53)
(699, 973, 10)
(143, 110, 55)
(88, 995, 142)
(263, 995, 238)
(348, 854, 21)
(348, 995, 42)
(348, 798, 7)
(348, 24, 24)
(348, 237, 20)
(348, 234, 21)
(348, 325, 68)
(912, 995, 96)
(344, 929, 44)
(344, 995, 54)
(344, 431, 8)
(344, 153, 113)
(344, 566, 13)
(344, 219, 62)
(344, 258, 26)
(344, 848, 18)
(994, 995, 164)
(994, 358, 24)
(333, 995, 307)
(933, 929, 4)
(933, 995, 200)
(933, 422, 29)
(933, 885, 84)
(933, 558, 14)
(833, 403, 19)
(833, 995, 64)
(94, 995, 64)
(94, 96, 27)
(94, 200, 44)
(358, 995, 247)
(687, 995, 228)
(768, 73, 106)
(768, 530, 36)
(768, 995, 11)
(652, 995, 98)
(652, 35, 21)
(661, 995, 244)
(142, 995, 94)
(844, 995, 138)
(980, 995, 68)
(835, 505, 33)
(835, 157, 51)
(835, 995, 28)
(835, 948, 55)
(835, 749, 44)
(85, 995, 129)
(719, 995, 153)
(338, 995, 143)
(746, 355, 56)
(746, 995, 108)
(746, 395, 10)
(746, 808, 37)
(746, 644, 30)
(716, 995, 128)
(251, 995, 169)
(698, 653, 28)
(698, 135, 84)
(698, 863, 30)
(270, 623, 29)
(270, 399, 22)
(270, 923, 27)
(270, 936, 114)
(195, 995, 184)
(224, 995, 322)
(9, 463, 70)
(9, 995, 83)
(9, 130, 13)
(9, 629, 14)
(93, 995, 97)
(93, 35, 1)
(816, 403, 5)
(816, 995, 34)
(816, 769, 77)
(816, 126, 27)
(816, 266, 47)
(816, 704, 131)
(214, 792, 14)
(214, 995, 38)
(214, 265, 55)
(214, 619, 15)
(899, 995, 83)
(899, 863, 49)
(899, 865, 111)
(243, 995, 183)
(289, 995, 180)
(950, 995, 149)
(955, 664, 12)
(955, 226, 2)
(955, 995, 112)
(955, 631, 42)
(955, 251, 13)
(955, 741, 38)
(275, 995, 70)
(275, 700, 21)
(906, 995, 78)
(906, 406, 38)
(906, 964, 52)
(906, 707, 1)
(183, 995, 129)
(641, 242, 74)
(641, 330, 22)
(641, 995, 46)
(641, 338, 11)
(641, 501, 1)
(641, 230, 17)
(641, 31, 48)
(200, 995, 210)
(353, 811, 2)
(353, 36, 6)
(353, 876, 33)
(353, 995, 87)
(353, 107, 9)
(353, 101, 21)
(353, 622, 23)
(353, 661, 5)
(353, 22, 31)
(353, 936, 55)
(353, 636, 10)
(353, 273, 70)
(370, 995, 81)
(820, 226, 18)
(820, 995, 43)
(820, 630, 75)
(820, 14, 13)
(820, 775, 5)
(667, 995, 82)
(962, 995, 163)
(962, 630, 5)
(962, 775, 23)
(87, 995, 61)
(87, 865, 18)
(793, 995, 186)
(905, 995, 158)
(905, 365, 17)
(136, 995, 178)
(136, 385, 6)
(301, 995, 250)
(146, 995, 47)
(146, 239, 22)
(146, 383, 34)
(146, 137, 6)
(902, 995, 400)
(807, 995, 270)
(694, 995, 104)
(262, 226, 16)
(262, 647, 42)
(262, 32, 55)
(262, 630, 40)
(677, 63, 29)
(677, 530, 117)
(677, 995, 164)
(677, 487, 160)
(677, 206, 50)
(677, 319, 51)
(677, 126, 29)
(677, 108, 25)
(677, 832, 2)
(99, 995, 27)
(99, 790, 84)
(730, 995, 80)
(730, 630, 13)
(953, 995, 205)
(242, 995, 205)
(870, 586, 127)
(870, 900, 31)
(870, 580, 20)
(189, 995, 95)
(189, 123, 40)
(189, 781, 37)
(189, 973, 25)
(130, 995, 165)
(92, 995, 195)
(57, 995, 164)
(34, 995, 111)
(34, 560, 11)
(766, 995, 236)
(702, 995, 155)
(169, 664, 107)
(169, 431, 103)
(169, 35, 39)
(209, 995, 68)
(209, 69, 38)
(277, 995, 97)
(277, 863, 92)
(755, 995, 111)
(755, 64, 37)
(903, 995, 135)
(328, 995, 125)
(328, 385, 69)
(328, 497, 16)
(328, 357, 3)
(925, 995, 42)
(925, 990, 21)
(925, 302, 125)
(132, 121, 21)
(132, 394, 67)
(132, 995, 140)
(132, 690, 17)
(134, 995, 346)
(803, 995, 19)
(803, 182, 83)
(98, 995, 447)
(314, 753, 45)
(314, 543, 37)
(314, 995, 85)
(314, 958, 34)
(314, 300, 32)
(314, 253, 92)
(314, 357, 1)
(307, 995, 104)
(145, 995, 167)
(976, 530, 7)
(976, 995, 108)
(827, 995, 116)
(957, 995, 222)
(22, 995, 446)
(914, 995, 80)
(914, 855, 56)
(914, 52, 17)
(842, 995, 223)
(201, 995, 35)
(201, 532, 6)
(201, 25, 62)
(201, 19, 23)
(443, 995, 20)
(443, 102, 20)
(443, 763, 14)
(443, 942, 3)
(401, 995, 304)
(401, 110, 71)
(401, 216, 50)
(401, 180, 4)
(651, 995, 77)
(15, 995, 200)
(757, 731, 58)
(757, 995, 122)
(757, 374, 36)
(757, 513, 22)
(757, 69, 11)
(16, 995, 110)
(16, 600, 26)
(16, 456, 14)
(427, 995, 51)
(427, 22, 43)
(331, 701, 23)
(331, 845, 3)
(331, 862, 31)
(331, 995, 172)
(331, 134, 10)
(331, 446, 74)
(331, 728, 7)
(331, 320, 55)
(958, 995, 50)
(932, 995, 111)
(932, 404, 109)
(932, 934, 17)
(932, 291, 5)
(932, 113, 32)
(268, 995, 218)
(705, 995, 130)
(942, 995, 314)
(233, 587, 26)
(233, 889, 52)
(233, 459, 31)
(814, 995, 243)
(828, 248, 98)
(828, 292, 91)
(908, 798, 17)
(431, 995, 361)
(33, 995, 94)
(33, 488, 33)
(228, 995, 18)
(228, 321, 16)
(228, 230, 27)
(228, 191, 48)
(199, 465, 9)
(199, 995, 96)
(199, 265, 13)
(199, 534, 73)
(199, 721, 26)
(199, 619, 5)
(199, 469, 19)
(199, 379, 20)
(104, 995, 150)
(104, 536, 36)
(184, 995, 133)
(184, 357, 19)
(721, 995, 82)
(42, 800, 40)
(42, 208, 3)
(42, 504, 22)
(42, 855, 29)
(42, 196, 113)
(467, 664, 68)
(467, 995, 66)
(377, 995, 112)
(308, 56, 55)
(308, 995, 207)
(308, 501, 17)
(308, 161, 39)
(308, 694, 28)
(308, 573, 8)
(178, 995, 69)
(178, 177, 28)
(178, 763, 2)
(37, 995, 84)
(37, 532, 52)
(37, 15, 53)
(37, 312, 7)
(37, 493, 53)
(37, 988, 14)
(37, 740, 62)
(37, 749, 56)
(965, 333, 50)
(965, 995, 83)
(965, 361, 62)
(965, 717, 39)
(901, 995, 224)
(260, 102, 76)
(260, 440, 15)
(260, 614, 18)
(260, 872, 41)
(260, 229, 44)
(388, 995, 107)
(55, 157, 59)
(55, 15, 5)
(55, 948, 27)
(55, 317, 8)
(414, 995, 132)
(266, 995, 234)
(167, 225, 4)
(167, 140, 11)
(167, 536, 174)
(167, 523, 33)
(167, 407, 56)
(50, 995, 196)
(809, 995, 468)
(886, 763, 105)
(48, 782, 7)
(48, 995, 55)
(48, 134, 20)
(48, 163, 2)
(48, 446, 22)
(48, 764, 5)
(48, 893, 23)
(48, 302, 46)
(48, 843, 2)
(63, 995, 181)
(4, 731, 22)
(4, 562, 58)
(4, 995, 122)
(4, 158, 10)
(4, 749, 37)
(122, 438, 28)
(122, 249, 78)
(122, 440, 46)
(122, 365, 37)
(122, 809, 49)
(122, 168, 54)
(883, 499, 10)
(883, 138, 158)
(59, 36, 12)
(59, 502, 23)
(59, 995, 27)
(59, 836, 15)
(59, 166, 44)
(59, 458, 34)
(59, 346, 150)
(374, 995, 205)
(361, 995, 325)
(329, 995, 236)
(103, 995, 133)
(103, 239, 76)
(103, 848, 4)
(174, 995, 108)
(802, 995, 123)
(751, 463, 105)
(751, 200, 61)
(332, 70, 53)
(382, 995, 97)
(382, 75, 94)
(131, 995, 134)
(131, 440, 3)
(131, 343, 36)
(81, 995, 271)
(892, 76, 16)
(892, 719, 75)
(892, 995, 57)
(892, 225, 28)
(892, 263, 66)
(660, 995, 59)
(660, 57, 15)
(660, 406, 29)
(660, 179, 6)
(660, 6, 120)
(660, 365, 14)
(660, 585, 7)
(351, 73, 22)
(351, 530, 29)
(351, 995, 75)
(351, 154, 19)
(351, 874, 56)
(682, 995, 140)
(74, 953, 87)
(74, 995, 26)
(74, 438, 23)
(74, 229, 80)
(464, 995, 102)
(464, 343, 20)
(464, 365, 14)
(715, 995, 220)
(848, 995, 195)
(685, 995, 97)
(726, 995, 79)
(726, 365, 7)
(279, 995, 69)
(303, 814, 88)
(303, 177, 54)
(709, 995, 160)
(709, 603, 47)
(709, 291, 77)
(709, 975, 1)
(709, 456, 14)
(337, 995, 146)
(337, 688, 35)
(337, 763, 47)
(473, 995, 172)
(175, 793, 10)
(175, 365, 27)
(175, 971, 64)
(419, 995, 86)
(832, 995, 221)
(482, 995, 222)
(378, 995, 162)
(236, 995, 74)
(240, 995, 68)
(240, 707, 39)
(395, 995, 151)
(241, 995, 64)
(77, 995, 23)
(77, 102, 22)
(77, 356, 9)
(818, 995, 169)
(818, 964, 5)
(818, 712, 10)
(51, 995, 184)
(727, 995, 34)
(727, 766, 28)
(727, 19, 43)
(727, 749, 23)
(727, 896, 137)
(910, 134, 89)
(910, 728, 59)
(172, 995, 123)
(357, 995, 297)
(152, 995, 196)
(782, 995, 169)
(461, 722, 103)
(461, 707, 71)
(665, 995, 39)
(665, 479, 36)
(665, 951, 20)
(665, 173, 23)
(665, 96, 31)
(129, 995, 132)
(479, 995, 349)
(770, 377, 10)
(770, 913, 4)
(770, 995, 83)
(770, 901, 11)
(770, 385, 7)
(770, 444, 21)
(770, 253, 58)
(107, 995, 24)
(312, 995, 101)
(133, 995, 133)
(133, 206, 25)
(400, 995, 135)
(336, 995, 83)
(336, 35, 58)
(336, 89, 16)
(336, 885, 89)
(336, 558, 48)
(336, 607, 156)
(643, 995, 115)
(643, 216, 2)
(643, 763, 12)
(643, 488, 10)
(113, 995, 451)
(232, 778, 47)
(232, 947, 28)
(232, 964, 9)
(806, 995, 218)
(171, 995, 212)
(171, 357, 3)
(355, 995, 333)
(396, 995, 83)
(396, 64, 42)
(396, 307, 7)
(396, 661, 16)
(396, 13, 13)
(396, 172, 40)
(396, 956, 17)
(396, 952, 25)
(396, 458, 16)
(810, 995, 86)
(710, 995, 92)
(383, 995, 177)
(674, 995, 56)
(674, 266, 5)
(852, 442, 71)
(852, 837, 42)
(852, 649, 68)
(852, 580, 48)
(127, 995, 159)
(127, 577, 18)
(127, 827, 9)
(127, 842, 18)
(21, 947, 62)
(21, 622, 28)
(21, 13, 32)
(21, 458, 60)
(21, 346, 96)
(459, 995, 245)
(486, 279, 15)
(486, 862, 69)
(486, 787, 66)
(486, 572, 9)
(486, 8, 2)
(520, 995, 179)
(502, 995, 215)
(83, 661, 10)
(83, 22, 82)
(83, 638, 56)
(187, 913, 92)
(187, 995, 103)
(187, 917, 24)
(767, 995, 203)
(550, 995, 147)
(550, 534, 19)
(550, 885, 36)
(424, 995, 270)
(326, 995, 149)
(326, 580, 22)
(229, 995, 286)
(780, 995, 54)
(250, 995, 67)
(250, 793, 12)
(250, 50, 41)
(822, 995, 133)
(822, 488, 84)
(246, 995, 96)
(246, 22, 46)
(246, 458, 9)
(49, 592, 74)
(49, 995, 204)
(49, 252, 12)
(49, 316, 38)
(876, 995, 212)
(703, 995, 72)
(703, 24, 46)
(298, 995, 32)
(298, 471, 36)
(298, 269, 19)
(838, 442, 44)
(838, 995, 99)
(838, 837, 8)
(838, 395, 85)
(838, 516, 21)
(838, 717, 30)
(838, 808, 2)
(838, 720, 62)
(838, 441, 33)
(43, 995, 150)
(760, 36, 2)
(760, 995, 76)
(760, 683, 47)
(760, 68, 18)
(760, 276, 68)
(760, 166, 18)
(760, 458, 10)
(469, 995, 155)
(150, 495, 37)
(150, 995, 200)
(150, 173, 96)
(287, 57, 67)
(287, 402, 41)
(287, 686, 41)
(287, 825, 42)
(571, 623, 53)
(571, 923, 21)
(724, 993, 7)
(724, 995, 25)
(724, 374, 12)
(724, 473, 91)
(979, 995, 205)
(867, 995, 87)
(867, 670, 28)
(608, 963, 48)
(608, 487, 12)
(608, 874, 38)
(608, 371, 12)
(821, 913, 81)
(821, 610, 22)
(821, 81, 1)
(821, 995, 57)
(821, 959, 119)
(821, 859, 39)
(292, 995, 211)
(155, 995, 77)
(155, 68, 44)
(155, 283, 37)
(155, 458, 55)
(202, 930, 68)
(202, 995, 150)
(202, 254, 9)
(202, 959, 3)
(280, 995, 34)
(280, 22, 13)
(512, 154, 81)
(512, 874, 17)
(47, 288, 47)
(47, 979, 32)
(47, 995, 29)
(47, 15, 16)
(47, 749, 15)
(47, 334, 13)
(144, 500, 71)
(144, 151, 77)
(888, 849, 80)
(888, 615, 45)
(888, 995, 90)
(888, 647, 59)
(888, 295, 25)
(888, 823, 5)
(888, 975, 45)
(926, 995, 71)
(926, 458, 3)
(417, 995, 47)
(417, 158, 106)
(417, 808, 9)
(559, 367, 41)
(559, 626, 32)
(559, 410, 20)
(559, 995, 39)
(559, 471, 60)
(559, 948, 5)
(559, 269, 58)
(559, 733, 19)
(559, 138, 3)
(62, 995, 108)
(62, 489, 74)
(62, 24, 64)
(62, 315, 43)
(205, 995, 58)
(205, 301, 28)
(205, 445, 13)
(205, 448, 3)
(548, 995, 187)
(79, 811, 45)
(79, 836, 8)
(79, 276, 38)
(432, 361, 93)
(432, 717, 48)
(432, 151, 20)
(432, 649, 25)
(432, 670, 58)
(225, 995, 467)
(97, 995, 34)
(97, 885, 2)
(41, 995, 14)
(41, 399, 43)
(41, 523, 47)
(41, 459, 70)
(525, 995, 253)
(300, 995, 254)
(359, 664, 104)
(359, 213, 30)
(359, 383, 17)
(359, 82, 23)
(578, 587, 30)
(578, 795, 60)
(578, 459, 17)
(496, 995, 176)
(496, 206, 8)
(506, 995, 90)
(506, 197, 6)
(506, 343, 15)
(506, 365, 34)
(506, 964, 20)
(506, 174, 2)
(506, 712, 38)
(506, 707, 65)
(506, 809, 136)
(476, 995, 57)
(476, 458, 39)
(342, 861, 16)
(342, 157, 16)
(342, 995, 127)
(342, 697, 64)
(491, 995, 84)
(491, 200, 29)
(282, 995, 112)
(282, 536, 108)
(282, 790, 65)
(570, 995, 241)
(148, 206, 52)
(148, 268, 12)
(148, 715, 75)
(148, 423, 44)
(186, 995, 9)
(186, 793, 40)
(186, 809, 76)
(527, 995, 254)
(557, 995, 53)
(557, 516, 59)
(557, 808, 45)
(557, 670, 11)
(14, 995, 62)
(296, 700, 136)
(296, 268, 14)
(601, 995, 58)
(649, 995, 189)
(313, 889, 26)
(313, 716, 44)
(313, 112, 23)
(313, 795, 14)
(313, 263, 21)
(591, 995, 213)
(182, 995, 266)
(44, 995, 185)
(44, 527, 54)
(44, 225, 137)
(44, 112, 5)
(44, 237, 48)
(44, 748, 11)
(44, 591, 7)
(61, 995, 62)
(61, 749, 4)
(418, 5, 70)
(418, 463, 5)
(418, 862, 32)
(418, 990, 58)
(2, 995, 62)
(2, 225, 25)
(514, 995, 131)
(514, 358, 58)
(597, 28, 61)
(597, 527, 14)
(597, 284, 91)
(158, 995, 333)
(114, 995, 197)
(114, 639, 40)
(114, 566, 52)
(114, 35, 22)
(114, 219, 7)
(114, 89, 33)
(114, 88, 41)
(114, 607, 24)
(399, 995, 183)
(317, 995, 333)
(29, 995, 55)
(588, 995, 24)
(588, 284, 25)
(261, 995, 42)
(261, 790, 3)
(176, 814, 17)
(176, 102, 15)
(176, 72, 10)
(176, 488, 68)
(283, 995, 231)
(196, 995, 234)
(449, 995, 44)
(449, 225, 17)
(449, 748, 37)
(504, 995, 154)
(663, 664, 10)
(663, 431, 19)
(663, 630, 85)
(198, 995, 181)
(198, 346, 28)
(120, 995, 101)
(552, 995, 124)
(493, 995, 81)
(662, 404, 45)
(662, 552, 60)
(662, 934, 7)
(662, 577, 25)
(662, 942, 29)
(154, 995, 290)
(384, 995, 134)
(384, 64, 8)
(384, 622, 25)
(384, 22, 28)
(384, 636, 27)
(30, 995, 200)
(30, 865, 43)
(462, 36, 55)
(462, 995, 71)
(462, 683, 34)
(462, 64, 51)
(462, 22, 25)
(462, 166, 65)
(462, 636, 13)
(220, 995, 127)
(220, 692, 47)
(220, 420, 40)
(220, 501, 32)
(220, 152, 62)
(379, 995, 155)
(609, 814, 13)
(609, 520, 12)
(609, 995, 36)
(609, 102, 37)
(339, 628, 41)
(339, 158, 25)
(339, 807, 50)
(339, 513, 55)
(678, 995, 61)
(678, 431, 81)
(160, 995, 85)
(160, 680, 67)
(679, 995, 50)
(679, 804, 78)
(679, 740, 10)
(679, 513, 121)
(679, 482, 7)
(639, 995, 207)
(598, 995, 127)
(598, 234, 39)
(542, 995, 85)
(542, 51, 105)
(542, 973, 51)
(631, 995, 140)
(642, 995, 153)
(642, 424, 27)
(642, 728, 11)
(642, 366, 20)
(386, 995, 93)
(386, 110, 53)
(386, 113, 16)
(386, 456, 6)
(286, 995, 188)
(286, 448, 69)
(513, 995, 265)
(320, 995, 103)
(468, 448, 44)
(412, 995, 175)
(701, 995, 153)
(84, 995, 193)
(244, 995, 34)
(244, 216, 60)
(244, 488, 39)
(562, 995, 213)
(66, 877, 37)
(66, 995, 119)
(66, 574, 31)
(66, 856, 48)
(66, 487, 61)
(66, 266, 56)
(66, 691, 9)
(404, 995, 174)
(162, 995, 85)
(31, 995, 118)
(139, 995, 76)
(139, 420, 55)
(445, 995, 230)
(611, 995, 47)
(611, 450, 44)
(611, 52, 17)
(611, 216, 40)
(611, 827, 21)
(611, 456, 10)
(402, 995, 121)
(435, 995, 35)
(435, 692, 97)
(435, 301, 105)
(180, 995, 188)
(121, 995, 242)
(567, 992, 5)
(567, 995, 123)
(567, 407, 15)
(731, 995, 203)
(222, 995, 9)
(222, 395, 27)
(222, 516, 13)
(222, 70, 163)
(498, 653, 50)
(498, 543, 12)
(498, 995, 86)
(498, 118, 14)
(498, 715, 20)
(163, 995, 141)
(501, 995, 320)
(78, 610, 6)
(78, 995, 160)
(161, 995, 300)
(345, 995, 60)
(285, 995, 146)
(285, 525, 14)
(409, 239, 37)
(409, 741, 20)
(256, 206, 23)
(708, 995, 30)
(708, 252, 28)
(297, 995, 37)
(297, 688, 41)
(297, 763, 24)
(297, 872, 18)
(621, 668, 22)
(621, 995, 65)
(621, 584, 35)
(621, 525, 28)
(470, 995, 203)
(247, 995, 19)
(247, 20, 2)
(510, 84, 7)
(510, 350, 35)
(510, 301, 62)
(510, 191, 51)
(510, 478, 4)
(673, 977, 59)
(673, 530, 20)
(673, 995, 46)
(673, 487, 104)
(165, 995, 62)
(165, 46, 11)
(245, 92, 49)
(245, 802, 6)
(655, 995, 195)
(744, 995, 168)
(210, 995, 56)
(210, 649, 24)
(170, 995, 66)
(170, 619, 34)
(170, 885, 18)
(628, 995, 153)
(249, 995, 176)
(650, 995, 63)
(118, 995, 132)
(218, 995, 73)
(216, 995, 312)
(253, 995, 360)
(67, 995, 218)
(485, 995, 210)
(485, 441, 32)
(528, 995, 57)
(528, 688, 17)
(309, 5, 51)
(309, 134, 61)
(309, 646, 8)
(480, 530, 6)
(480, 874, 115)
(75, 995, 316)
(529, 995, 24)
(529, 809, 23)
(179, 995, 67)
(173, 995, 397)
(19, 995, 303)
(666, 995, 278)
(711, 463, 6)
(711, 995, 74)
(711, 248, 52)
(711, 893, 38)
(212, 995, 181)
(212, 639, 11)
(212, 566, 8)
(212, 470, 16)
(212, 568, 43)
(212, 539, 172)
(212, 885, 26)
(561, 35, 99)
(561, 137, 6)
(311, 995, 115)
(505, 995, 149)
(305, 995, 62)
(305, 855, 14)
(305, 52, 2)
(483, 463, 69)
(483, 995, 193)
(188, 367, 3)
(188, 913, 1)
(188, 569, 28)
(188, 627, 55)
(188, 995, 38)
(188, 948, 16)
(188, 317, 56)
(18, 995, 363)
(217, 995, 85)
(115, 102, 96)
(115, 438, 61)
(115, 440, 24)
(115, 809, 43)
(612, 655, 14)
(612, 463, 92)
(612, 995, 55)
(612, 629, 89)
(488, 995, 432)
(105, 504, 4)
(105, 995, 24)
(105, 829, 29)
(105, 98, 55)
(105, 329, 100)
(105, 117, 37)
(105, 600, 47)
(346, 995, 409)
(40, 995, 182)
(40, 619, 67)
(40, 182, 38)
(737, 995, 134)
(750, 995, 133)
(799, 52, 40)
(490, 52, 62)
(274, 387, 9)
(274, 327, 16)
(274, 995, 96)
(274, 439, 27)
(274, 590, 125)
(474, 995, 159)
(537, 995, 147)
(295, 995, 186)
(508, 403, 47)
(508, 715, 44)
(190, 995, 107)
(11, 226, 54)
(11, 995, 54)
(657, 995, 277)
(657, 219, 46)
(657, 539, 2)
(657, 195, 33)
(657, 379, 30)
(657, 580, 3)
(714, 479, 39)
(714, 599, 9)
(714, 108, 86)
(125, 995, 138)
(255, 792, 22)
(255, 995, 52)
(255, 900, 28)
(771, 626, 34)
(771, 505, 22)
(771, 610, 10)
(771, 995, 116)
(771, 241, 12)
(771, 499, 53)
(771, 749, 33)
(387, 995, 151)
(824, 995, 88)
(824, 534, 22)
(824, 900, 35)
(824, 568, 8)
(824, 885, 4)
(675, 667, 8)
(675, 394, 46)
(675, 610, 18)
(675, 995, 35)
(675, 385, 1)
(675, 494, 116)
(675, 540, 100)
(675, 357, 30)
(416, 995, 221)
(416, 964, 41)
(23, 995, 55)
(35, 995, 319)
(110, 995, 352)
(365, 995, 324)
(315, 995, 152)
(126, 995, 159)
(704, 995, 189)
(690, 995, 256)
(558, 995, 100)
(456, 995, 44)
(778, 995, 137)
(680, 995, 84)
(420, 995, 102)
(584, 995, 227)
(831, 995, 160)
(385, 995, 252)
(499, 995, 313)
(89, 995, 201)
(117, 995, 37)
(707, 995, 187)
(166, 995, 197)
(458, 995, 314)
(668, 995, 70)
(543, 995, 49)
(410, 995, 40)
(837, 995, 178)
(153, 995, 113)
(647, 995, 218)
(32, 995, 322)
(630, 995, 401)
(291, 995, 82)
(865, 995, 408)
(645, 995, 170)
(441, 995, 231)
(741, 995, 149)
(664, 995, 355)
(102, 995, 266)
(623, 995, 95)
(265, 995, 80)
(406, 995, 116)
(6, 995, 120)
(622, 995, 114)
(237, 995, 109)
(448, 995, 148)
(137, 995, 125)
(893, 995, 80)
(877, 995, 151)
(398, 995, 45)
(442, 995, 191)
(722, 995, 221)
(28, 995, 61)
(439, 995, 37)
(603, 995, 128)
(688, 995, 265)
(536, 995, 398)
(191, 995, 328)
(371, 995, 12)
(108, 995, 242)
(896, 995, 435)
(407, 995, 123)
(595, 995, 4)
(626, 995, 66)
(854, 995, 62)
(889, 995, 267)
(900, 995, 131)
(52, 995, 171)
(234, 995, 232)
(325, 995, 165)
(56, 995, 119)
(330, 995, 48)
(157, 995, 156)
(729, 995, 72)
(324, 995, 69)
(577, 995, 111)
(24, 995, 138)
(686, 995, 166)
(390, 995, 21)
(936, 995, 207)
(367, 995, 44)
(627, 995, 55)
(615, 995, 142)
(826, 995, 89)
(350, 995, 80)
(72, 995, 83)
(101, 995, 126)
(728, 995, 163)
(319, 995, 51)
(258, 995, 127)
(590, 995, 125)
(697, 995, 74)
(273, 995, 180)
(91, 995, 13)
(109, 995, 78)
(495, 995, 37)
(471, 995, 121)
(239, 995, 177)
(3, 15, 26)
(3, 896, 46)
(3, 334, 21)
(95, 995, 189)
(95, 369, 14)
(95, 448, 12)
(123, 995, 263)
(194, 995, 313)
(226, 995, 365)
(238, 995, 71)
(238, 499, 117)
(284, 995, 378)
(288, 995, 183)
(293, 995, 194)
(293, 534, 62)
(293, 566, 2)
(293, 422, 51)
(299, 800, 65)
(299, 995, 186)
(304, 995, 47)
(304, 158, 26)
(304, 580, 14)
(316, 995, 171)
(349, 64, 23)
(349, 101, 2)
(349, 686, 25)
(364, 995, 71)
(364, 728, 27)
(364, 646, 21)
(366, 995, 46)
(375, 800, 47)
(375, 39, 61)
(375, 995, 77)
(375, 137, 53)
(380, 995, 73)
(380, 619, 46)
(392, 995, 171)
(393, 995, 111)
(393, 458, 59)
(403, 995, 216)
(436, 281, 19)
(436, 995, 32)
(436, 739, 10)
(451, 995, 41)
(451, 827, 54)
(451, 113, 1)
(451, 842, 62)
(451, 555, 37)
(451, 180, 44)
(465, 995, 149)
(472, 243, 50)
(472, 995, 145)
(472, 315, 71)
(477, 995, 26)
(477, 15, 17)
(477, 697, 10)
(478, 995, 165)
(487, 995, 467)
(500, 995, 171)
(507, 586, 26)
(507, 333, 70)
(507, 995, 41)
(507, 837, 48)
(509, 753, 22)
(509, 281, 17)
(509, 978, 35)
(509, 526, 15)
(509, 254, 53)
(509, 917, 27)
(509, 767, 5)
(509, 426, 16)
(509, 499, 13)
(509, 444, 63)
(509, 690, 56)
(509, 739, 66)
(518, 995, 203)
(518, 893, 19)
(519, 800, 22)
(519, 995, 106)
(519, 603, 19)
(519, 902, 56)
(522, 562, 47)
(522, 988, 88)
(522, 740, 27)
(522, 645, 87)
(530, 995, 358)
(531, 993, 9)
(531, 355, 124)
(531, 995, 132)
(531, 158, 40)
(532, 995, 226)
(534, 995, 223)
(539, 995, 249)
(544, 995, 198)
(544, 487, 104)
(546, 995, 36)
(547, 995, 90)
(547, 532, 66)
(547, 75, 149)
(547, 358, 18)
(547, 740, 6)
(547, 19, 91)
(547, 749, 35)
(547, 705, 31)
(547, 412, 5)
(556, 753, 12)
(556, 863, 24)
(556, 253, 7)
(568, 995, 147)
(575, 744, 27)
(575, 463, 34)
(575, 327, 31)
(575, 862, 123)
(575, 130, 49)
(576, 995, 158)
(576, 700, 74)
(576, 266, 1)
(582, 164, 100)
(582, 68, 21)
(585, 995, 64)
(589, 85, 27)
(589, 743, 21)
(589, 89, 27)
(589, 46, 44)
(589, 558, 38)
(589, 848, 44)
(592, 995, 209)
(599, 995, 143)
(602, 989, 25)
(602, 995, 31)
(602, 647, 117)
(602, 32, 199)
(602, 902, 33)
(607, 995, 334)
(613, 995, 26)
(613, 855, 21)
(616, 81, 34)
(616, 995, 94)
(616, 43, 38)
(619, 995, 307)
(634, 995, 117)
(634, 206, 7)
(634, 126, 37)
(638, 995, 88)
(692, 995, 346)
(713, 995, 129)
(732, 333, 130)
(732, 995, 64)
(732, 92, 80)
(734, 560, 8)
(734, 300, 39)
(734, 253, 36)
(734, 739, 7)
(743, 995, 249)
(745, 56, 43)
(745, 242, 9)
(745, 995, 196)
(745, 31, 41)
(745, 573, 46)
(748, 995, 186)
(749, 995, 416)
(752, 995, 152)
(752, 156, 15)
(753, 995, 119)
(754, 979, 18)
(754, 861, 62)
(754, 948, 19)
(754, 317, 111)
(754, 733, 84)
(761, 995, 17)
(761, 540, 43)
(761, 269, 80)
(761, 690, 169)
(763, 995, 404)
(764, 995, 137)
(773, 995, 88)
(773, 516, 5)
(779, 800, 24)
(779, 995, 22)
(781, 995, 133)
(785, 226, 93)
(785, 995, 60)
(785, 630, 55)
(788, 731, 65)
(788, 398, 44)
(788, 656, 8)
(788, 808, 8)
(791, 995, 88)
(791, 112, 57)
(791, 536, 19)
(791, 407, 39)
(797, 668, 48)
(797, 862, 5)
(797, 995, 45)
(797, 843, 54)
(800, 995, 378)
(801, 995, 72)
(804, 995, 104)
(805, 995, 59)
(805, 802, 21)
(805, 580, 44)
(836, 995, 182)
(849, 995, 139)
(850, 913, 2)
(850, 995, 82)
(851, 929, 8)
(851, 35, 56)
(851, 251, 21)
(851, 885, 22)
(851, 258, 43)
(851, 46, 17)
(858, 226, 19)
(858, 630, 48)
(858, 383, 6)
(864, 995, 100)
(864, 134, 5)
(874, 995, 226)
(879, 787, 106)
(879, 479, 46)
(879, 439, 7)
(879, 599, 87)
(879, 96, 56)
(879, 108, 11)
(881, 995, 26)
(882, 913, 54)
(882, 995, 76)
(884, 995, 123)
(884, 516, 16)
(887, 251, 3)
(887, 848, 37)
(895, 109, 34)
(895, 995, 48)
(895, 855, 19)
(897, 995, 168)
(911, 463, 6)
(911, 787, 42)
(911, 479, 21)
(911, 439, 3)
(911, 951, 45)
(913, 995, 310)
(917, 995, 61)
(919, 536, 12)
(919, 795, 45)
(919, 407, 12)
(920, 995, 43)
(922, 868, 11)
(922, 995, 31)
(922, 321, 11)
(922, 350, 35)
(922, 584, 33)
(922, 320, 32)
(923, 995, 81)
(924, 993, 58)
(924, 158, 9)
(924, 756, 53)
(924, 473, 2)
(927, 995, 124)
(927, 98, 39)
(927, 110, 52)
(927, 113, 105)
(929, 995, 184)
(934, 995, 191)
(937, 243, 12)
(937, 995, 71)
(937, 51, 48)
(937, 315, 4)
(937, 284, 3)
(937, 973, 24)
(938, 778, 90)
(938, 194, 18)
(938, 995, 110)
(938, 570, 86)
(938, 346, 86)
(941, 995, 285)
(943, 995, 25)
(943, 350, 10)
(943, 392, 37)
(945, 206, 37)
(945, 378, 26)
(949, 995, 68)
(951, 995, 90)
(963, 995, 105)
(966, 995, 21)
(966, 639, 11)
(966, 219, 25)
(966, 89, 83)
(966, 195, 23)
(966, 619, 7)
(966, 258, 42)
(966, 390, 21)
(966, 985, 56)
(966, 607, 25)
(968, 995, 148)
(968, 52, 13)
(968, 113, 35)
(971, 995, 335)
(975, 995, 114)
(978, 995, 107)
(982, 995, 117)
(982, 182, 30)
(983, 995, 54)
(990, 995, 136)
(992, 995, 164)
(993, 995, 74)
(996, 995, 94)
(996, 158, 17)
(996, 70, 82)
(998, 664, 28)
(998, 213, 19)
(998, 239, 42)
(998, 743, 150)
(998, 470, 45)
(998, 258, 9)
(998, 46, 7)
(998, 607, 95)
