Value of maximum flow from 376 to 309 vertices: 61559
Flow:
(376, 273, 228)
(376, 446, 128)
(376, 134, 142)
(376, 426, 50)
(376, 318, 219)
(376, 630, 143)
(376, 624, 105)
(376, 239, 95)
(376, 448, 13)
(376, 115, 56)
(376, 256, 111)
(376, 445, 20)
(376, 800, 115)
(376, 306, 68)
(376, 879, 134)
(376, 142, 48)
(376, 9, 59)
(376, 41, 15)
(376, 368, 160)
(376, 808, 60)
(376, 576, 101)
(376, 27, 177)
(376, 123, 54)
(376, 810, 242)
(376, 314, 25)
(376, 582, 98)
(376, 642, 98)
(376, 400, 47)
(376, 395, 141)
(376, 987, 101)
(376, 236, 181)
(376, 288, 89)
(376, 8, 227)
(376, 303, 118)
(376, 828, 51)
(376, 365, 90)
(376, 222, 101)
(376, 874, 75)
(376, 324, 47)
(376, 12, 126)
(376, 944, 59)
(376, 561, 54)
(376, 243, 191)
(376, 126, 54)
(376, 29, 103)
(376, 35, 97)
(376, 97, 20)
(376, 398, 23)
(376, 198, 67)
(376, 966, 55)
(376, 602, 92)
(376, 382, 103)
(376, 771, 112)
(376, 659, 145)
(376, 481, 60)
(376, 785, 72)
(376, 998, 185)
(376, 513, 109)
(376, 148, 171)
(376, 497, 67)
(376, 290, 40)
(376, 30, 112)
(376, 652, 81)
(376, 971, 139)
(376, 581, 48)
(376, 898, 65)
(376, 982, 130)
(376, 722, 169)
(376, 459, 46)
(376, 713, 150)
(376, 802, 149)
(376, 469, 52)
(376, 701, 83)
(376, 974, 134)
(376, 58, 251)
(376, 380, 85)
(376, 32, 87)
(376, 19, 151)
(376, 867, 35)
(376, 353, 174)
(376, 855, 52)
(376, 178, 261)
(376, 643, 39)
(376, 635, 79)
(376, 690, 81)
(376, 860, 52)
(376, 594, 173)
(376, 990, 33)
(376, 646, 18)
(376, 615, 78)
(376, 749, 89)
(376, 734, 143)
(376, 899, 39)
(376, 46, 64)
(376, 700, 63)
(376, 482, 24)
(376, 795, 230)
(376, 461, 206)
(376, 801, 74)
(376, 896, 197)
(376, 627, 49)
(376, 201, 59)
(376, 907, 124)
(376, 86, 248)
(376, 335, 42)
(376, 868, 47)
(376, 1, 98)
(376, 104, 74)
(376, 610, 56)
(376, 436, 239)
(376, 716, 156)
(376, 405, 106)
(376, 598, 83)
(376, 61, 170)
(376, 407, 77)
(376, 3, 34)
(376, 730, 92)
(376, 656, 163)
(376, 287, 79)
(376, 530, 75)
(376, 350, 71)
(376, 355, 216)
(376, 911, 281)
(376, 768, 77)
(376, 566, 235)
(376, 330, 90)
(376, 706, 58)
(376, 595, 61)
(376, 26, 17)
(376, 378, 20)
(376, 92, 213)
(376, 655, 165)
(376, 884, 181)
(376, 96, 115)
(376, 910, 64)
(376, 826, 132)
(376, 414, 51)
(376, 674, 69)
(376, 111, 48)
(376, 986, 241)
(376, 769, 406)
(376, 334, 20)
(376, 40, 45)
(376, 138, 76)
(376, 786, 28)
(376, 268, 206)
(376, 534, 57)
(376, 99, 65)
(376, 840, 178)
(376, 274, 114)
(376, 280, 73)
(376, 371, 100)
(376, 543, 245)
(376, 423, 32)
(376, 433, 23)
(376, 914, 34)
(376, 60, 137)
(376, 876, 48)
(376, 187, 37)
(376, 166, 30)
(376, 498, 84)
(376, 38, 60)
(376, 210, 74)
(376, 255, 86)
(376, 869, 109)
(376, 564, 30)
(376, 186, 18)
(376, 354, 51)
(376, 157, 137)
(376, 596, 68)
(376, 28, 63)
(376, 420, 218)
(376, 616, 149)
(376, 988, 220)
(376, 480, 121)
(376, 82, 199)
(376, 752, 109)
(376, 235, 49)
(376, 484, 64)
(376, 658, 27)
(376, 83, 105)
(376, 900, 153)
(376, 101, 50)
(376, 940, 240)
(376, 548, 84)
(376, 897, 75)
(376, 857, 80)
(376, 514, 124)
(376, 704, 90)
(376, 902, 121)
(376, 120, 158)
(376, 926, 211)
(376, 574, 65)
(376, 338, 17)
(376, 429, 64)
(376, 174, 124)
(376, 989, 94)
(376, 292, 152)
(376, 890, 79)
(376, 224, 156)
(376, 817, 79)
(376, 17, 41)
(376, 266, 70)
(376, 533, 108)
(376, 925, 63)
(376, 955, 61)
(376, 234, 56)
(376, 959, 187)
(376, 389, 80)
(376, 381, 114)
(376, 597, 48)
(376, 202, 27)
(376, 837, 86)
(376, 72, 353)
(376, 629, 27)
(376, 393, 11)
(376, 342, 87)
(376, 891, 165)
(376, 787, 212)
(376, 485, 94)
(376, 735, 71)
(376, 188, 122)
(376, 319, 74)
(376, 229, 16)
(376, 147, 57)
(376, 549, 24)
(376, 113, 68)
(376, 153, 44)
(376, 250, 38)
(376, 620, 27)
(376, 325, 126)
(376, 56, 72)
(376, 74, 41)
(376, 908, 96)
(376, 194, 147)
(376, 462, 186)
(376, 270, 33)
(376, 724, 118)
(376, 985, 20)
(376, 579, 59)
(376, 501, 40)
(376, 151, 49)
(376, 667, 293)
(376, 578, 66)
(376, 938, 49)
(376, 952, 61)
(376, 710, 131)
(376, 725, 106)
(376, 486, 146)
(376, 275, 103)
(376, 852, 92)
(376, 262, 61)
(376, 927, 170)
(376, 894, 237)
(376, 503, 39)
(376, 951, 115)
(376, 451, 209)
(376, 443, 288)
(376, 750, 96)
(376, 102, 252)
(376, 863, 17)
(376, 815, 59)
(376, 645, 61)
(376, 209, 144)
(376, 66, 122)
(376, 626, 70)
(376, 383, 26)
(376, 759, 119)
(376, 748, 162)
(376, 881, 54)
(376, 556, 17)
(376, 315, 95)
(376, 599, 73)
(376, 122, 54)
(376, 300, 130)
(376, 438, 43)
(376, 856, 51)
(376, 14, 31)
(376, 16, 110)
(376, 160, 51)
(376, 707, 49)
(376, 546, 85)
(376, 717, 209)
(376, 0, 102)
(376, 329, 91)
(376, 535, 38)
(376, 131, 51)
(376, 776, 31)
(376, 567, 91)
(376, 558, 37)
(376, 258, 41)
(376, 634, 28)
(376, 903, 23)
(376, 625, 145)
(376, 814, 96)
(376, 215, 58)
(376, 631, 45)
(376, 923, 179)
(376, 843, 98)
(376, 279, 58)
(376, 13, 160)
(376, 487, 68)
(376, 996, 10)
(376, 675, 52)
(376, 962, 19)
(376, 977, 100)
(376, 689, 81)
(376, 551, 182)
(376, 362, 52)
(376, 531, 115)
(376, 583, 50)
(376, 719, 141)
(376, 753, 183)
(376, 804, 179)
(376, 195, 101)
(376, 833, 116)
(376, 782, 76)
(376, 703, 64)
(376, 496, 55)
(376, 679, 19)
(376, 467, 91)
(376, 158, 54)
(376, 532, 53)
(376, 170, 120)
(376, 676, 289)
(376, 904, 110)
(376, 536, 342)
(376, 77, 37)
(376, 766, 153)
(376, 568, 42)
(376, 271, 44)
(376, 392, 119)
(376, 144, 32)
(376, 600, 24)
(376, 930, 57)
(376, 663, 26)
(376, 135, 72)
(376, 106, 171)
(376, 712, 72)
(376, 858, 115)
(376, 834, 113)
(376, 733, 105)
(376, 488, 15)
(376, 48, 281)
(376, 272, 80)
(376, 333, 56)
(376, 23, 133)
(376, 374, 127)
(376, 715, 167)
(376, 693, 10)
(376, 905, 90)
(376, 665, 99)
(376, 562, 129)
(376, 137, 35)
(376, 363, 45)
(376, 811, 73)
(376, 839, 46)
(376, 849, 40)
(376, 220, 41)
(376, 312, 55)
(376, 770, 34)
(376, 253, 58)
(376, 473, 106)
(376, 402, 203)
(376, 760, 70)
(376, 505, 152)
(376, 204, 172)
(376, 789, 91)
(376, 848, 32)
(376, 692, 34)
(376, 80, 141)
(376, 569, 243)
(376, 941, 33)
(376, 888, 81)
(376, 917, 87)
(376, 870, 121)
(376, 356, 149)
(376, 670, 63)
(376, 230, 42)
(376, 633, 48)
(376, 901, 117)
(376, 457, 239)
(376, 721, 54)
(376, 691, 57)
(376, 214, 138)
(376, 79, 59)
(376, 806, 61)
(376, 835, 139)
(376, 761, 74)
(376, 103, 204)
(376, 305, 112)
(376, 154, 124)
(376, 64, 56)
(376, 854, 11)
(376, 463, 57)
(376, 294, 76)
(376, 161, 100)
(376, 895, 59)
(376, 232, 74)
(376, 668, 56)
(376, 997, 25)
(376, 517, 96)
(376, 584, 144)
(376, 67, 56)
(376, 348, 43)
(376, 171, 66)
(376, 975, 69)
(376, 935, 39)
(376, 483, 60)
(376, 216, 240)
(376, 983, 156)
(376, 694, 25)
(376, 919, 95)
(376, 431, 46)
(376, 873, 122)
(376, 617, 39)
(376, 504, 170)
(376, 973, 287)
(376, 714, 225)
(376, 673, 34)
(376, 164, 20)
(376, 662, 44)
(376, 452, 67)
(376, 51, 40)
(376, 957, 53)
(376, 490, 94)
(376, 331, 24)
(376, 476, 259)
(376, 522, 240)
(376, 175, 66)
(376, 632, 113)
(376, 351, 63)
(376, 181, 10)
(376, 611, 260)
(376, 560, 236)
(376, 851, 123)
(376, 708, 102)
(376, 947, 112)
(376, 618, 17)
(376, 386, 101)
(376, 233, 74)
(376, 976, 58)
(376, 729, 26)
(376, 906, 48)
(376, 296, 112)
(376, 145, 154)
(376, 211, 56)
(376, 846, 126)
(376, 269, 50)
(376, 474, 54)
(376, 539, 80)
(376, 192, 164)
(376, 357, 30)
(376, 494, 83)
(376, 227, 86)
(376, 53, 10)
(376, 502, 87)
(376, 509, 100)
(376, 601, 237)
(376, 89, 198)
(376, 251, 98)
(376, 455, 44)
(376, 758, 80)
(376, 653, 174)
(376, 621, 170)
(376, 78, 69)
(376, 773, 43)
(376, 822, 23)
(376, 75, 20)
(376, 291, 58)
(376, 261, 43)
(376, 73, 106)
(376, 555, 136)
(376, 143, 17)
(376, 933, 58)
(376, 742, 46)
(376, 547, 105)
(376, 340, 44)
(376, 475, 52)
(376, 320, 145)
(376, 57, 67)
(376, 887, 82)
(376, 570, 18)
(376, 125, 188)
(376, 862, 126)
(376, 882, 122)
(376, 992, 92)
(376, 970, 111)
(376, 71, 159)
(376, 404, 39)
(376, 745, 26)
(376, 790, 142)
(376, 540, 71)
(376, 928, 142)
(376, 553, 28)
(376, 254, 73)
(376, 832, 43)
(376, 844, 38)
(376, 963, 180)
(376, 796, 285)
(376, 87, 160)
(376, 410, 56)
(376, 327, 140)
(376, 636, 159)
(376, 218, 130)
(376, 460, 84)
(376, 105, 33)
(376, 671, 77)
(376, 136, 45)
(376, 316, 8)
(376, 140, 71)
(376, 500, 30)
(376, 883, 34)
(376, 54, 54)
(376, 112, 85)
(376, 121, 144)
(376, 709, 55)
(376, 588, 44)
(376, 525, 225)
(376, 412, 119)
(376, 70, 76)
(376, 208, 64)
(376, 587, 247)
(376, 180, 65)
(376, 807, 183)
(376, 206, 118)
(376, 922, 98)
(376, 477, 180)
(376, 408, 62)
(376, 918, 94)
(376, 746, 82)
(376, 65, 55)
(376, 427, 42)
(376, 366, 206)
(376, 260, 24)
(376, 176, 66)
(376, 573, 217)
(376, 44, 55)
(376, 346, 76)
(376, 88, 109)
(376, 129, 98)
(376, 219, 48)
(376, 95, 75)
(376, 200, 75)
(376, 829, 65)
(376, 521, 48)
(376, 682, 71)
(376, 114, 201)
(376, 954, 72)
(376, 493, 121)
(376, 726, 83)
(376, 322, 156)
(376, 434, 87)
(376, 836, 99)
(376, 699, 171)
(376, 557, 58)
(376, 666, 38)
(376, 22, 34)
(376, 744, 50)
(376, 542, 40)
(376, 155, 106)
(376, 641, 149)
(376, 85, 53)
(376, 623, 72)
(376, 763, 75)
(376, 592, 78)
(376, 878, 69)
(376, 958, 28)
(376, 545, 80)
(376, 830, 149)
(376, 516, 31)
(376, 358, 163)
(376, 456, 276)
(376, 892, 67)
(376, 866, 55)
(376, 702, 117)
(376, 695, 384)
(376, 39, 38)
(376, 995, 163)
(376, 978, 27)
(376, 953, 46)
(376, 736, 30)
(376, 606, 35)
(376, 453, 77)
(376, 231, 46)
(376, 993, 107)
(376, 478, 85)
(376, 55, 119)
(376, 199, 78)
(376, 384, 84)
(376, 424, 100)
(376, 344, 47)
(376, 421, 115)
(376, 563, 91)
(376, 526, 20)
(376, 664, 91)
(376, 100, 210)
(376, 818, 75)
(376, 203, 109)
(376, 943, 56)
(376, 24, 56)
(376, 341, 39)
(376, 591, 214)
(376, 417, 69)
(376, 245, 11)
(376, 842, 99)
(376, 396, 55)
(376, 63, 124)
(376, 68, 92)
(376, 391, 29)
(376, 628, 36)
(376, 479, 135)
(376, 994, 174)
(376, 127, 128)
(376, 248, 53)
(376, 263, 63)
(376, 159, 33)
(376, 31, 37)
(376, 672, 27)
(376, 191, 38)
(376, 575, 37)
(376, 511, 176)
(376, 803, 36)
(376, 813, 78)
(376, 247, 23)
(376, 524, 192)
(376, 308, 38)
(376, 59, 135)
(376, 639, 65)
(376, 585, 171)
(376, 244, 64)
(376, 182, 29)
(376, 394, 329)
(376, 465, 56)
(376, 705, 58)
(376, 648, 56)
(376, 527, 132)
(376, 90, 53)
(376, 850, 134)
(376, 360, 44)
(376, 302, 52)
(243, 309, 85)
(243, 492, 74)
(243, 762, 8)
(243, 73, 1)
(243, 327, 9)
(243, 223, 14)
(635, 123, 31)
(635, 912, 16)
(635, 93, 22)
(635, 449, 10)
(566, 309, 67)
(566, 678, 53)
(566, 467, 35)
(566, 806, 57)
(566, 143, 23)
(186, 309, 90)
(959, 864, 11)
(959, 379, 7)
(959, 309, 83)
(959, 863, 18)
(959, 110, 24)
(959, 247, 44)
(486, 582, 6)
(486, 246, 37)
(486, 444, 9)
(486, 14, 26)
(486, 452, 12)
(486, 159, 44)
(486, 182, 12)
(558, 309, 123)
(271, 309, 53)
(941, 309, 106)
(431, 646, 11)
(431, 185, 35)
(227, 459, 8)
(227, 931, 25)
(227, 619, 7)
(227, 140, 46)
(832, 309, 162)
(44, 309, 75)
(978, 309, 121)
(511, 309, 228)
(27, 309, 256)
(581, 309, 43)
(581, 782, 5)
(868, 169, 47)
(534, 605, 15)
(534, 143, 42)
(704, 306, 23)
(704, 558, 20)
(704, 647, 47)
(620, 718, 27)
(556, 309, 109)
(719, 880, 22)
(719, 912, 22)
(719, 99, 29)
(719, 893, 68)
(562, 398, 44)
(562, 946, 15)
(562, 309, 70)
(463, 430, 33)
(463, 553, 16)
(463, 4, 8)
(851, 32, 2)
(851, 201, 62)
(851, 309, 29)
(851, 742, 30)
(547, 123, 5)
(547, 354, 13)
(547, 675, 19)
(547, 257, 44)
(547, 537, 24)
(525, 324, 10)
(525, 29, 19)
(525, 546, 52)
(525, 363, 5)
(525, 349, 7)
(525, 622, 68)
(525, 176, 22)
(525, 606, 29)
(525, 321, 13)
(542, 309, 74)
(641, 309, 134)
(641, 246, 15)
(417, 309, 64)
(417, 600, 5)
(426, 91, 49)
(426, 299, 1)
(97, 309, 158)
(990, 20, 23)
(990, 336, 10)
(26, 309, 251)
(28, 519, 1)
(28, 199, 62)
(202, 378, 27)
(927, 416, 3)
(927, 309, 99)
(927, 886, 4)
(927, 815, 13)
(927, 241, 51)
(625, 824, 38)
(625, 154, 4)
(625, 976, 33)
(625, 570, 11)
(625, 316, 59)
(930, 309, 111)
(356, 718, 46)
(356, 913, 2)
(356, 25, 48)
(356, 932, 5)
(356, 924, 7)
(356, 953, 41)
(973, 324, 52)
(973, 739, 14)
(973, 574, 31)
(973, 757, 17)
(973, 363, 67)
(973, 697, 21)
(973, 709, 3)
(973, 622, 38)
(973, 526, 18)
(973, 391, 26)
(601, 147, 9)
(601, 675, 19)
(601, 747, 65)
(601, 128, 86)
(601, 537, 58)
(87, 309, 95)
(87, 678, 65)
(219, 238, 43)
(219, 237, 5)
(453, 309, 48)
(453, 147, 29)
(524, 309, 203)
(582, 309, 139)
(459, 309, 75)
(436, 288, 15)
(436, 738, 51)
(436, 378, 17)
(436, 931, 29)
(436, 371, 42)
(436, 238, 14)
(436, 237, 36)
(436, 124, 18)
(436, 939, 17)
(280, 309, 58)
(280, 252, 9)
(280, 147, 6)
(574, 309, 96)
(908, 34, 70)
(908, 177, 26)
(300, 309, 44)
(300, 777, 1)
(300, 336, 70)
(300, 847, 15)
(833, 309, 66)
(833, 671, 50)
(839, 718, 20)
(839, 956, 26)
(232, 306, 1)
(232, 309, 40)
(232, 760, 33)
(386, 605, 19)
(386, 309, 27)
(386, 113, 55)
(57, 75, 67)
(570, 309, 115)
(180, 309, 55)
(180, 827, 10)
(592, 309, 49)
(592, 979, 4)
(592, 773, 21)
(592, 199, 4)
(239, 309, 53)
(239, 185, 28)
(239, 81, 14)
(602, 416, 23)
(602, 309, 69)
(734, 309, 50)
(734, 496, 76)
(734, 199, 17)
(884, 309, 124)
(884, 33, 9)
(884, 515, 48)
(480, 309, 74)
(480, 339, 47)
(393, 338, 10)
(393, 491, 1)
(451, 309, 103)
(451, 213, 65)
(451, 600, 39)
(451, 348, 2)
(923, 459, 21)
(923, 428, 3)
(923, 124, 86)
(923, 619, 30)
(923, 140, 26)
(923, 308, 13)
(712, 309, 45)
(712, 870, 27)
(901, 309, 155)
(662, 309, 90)
(758, 646, 16)
(758, 185, 64)
(218, 309, 88)
(218, 861, 42)
(521, 309, 48)
(55, 309, 42)
(55, 315, 3)
(55, 797, 12)
(55, 69, 32)
(55, 24, 30)
(585, 37, 26)
(585, 309, 119)
(585, 983, 1)
(585, 745, 25)
(987, 290, 7)
(987, 428, 1)
(987, 309, 72)
(987, 491, 21)
(469, 608, 12)
(469, 930, 40)
(598, 309, 123)
(423, 309, 111)
(174, 309, 87)
(174, 637, 16)
(174, 806, 2)
(174, 807, 19)
(270, 398, 33)
(14, 309, 81)
(496, 309, 235)
(312, 961, 26)
(312, 916, 17)
(312, 191, 12)
(253, 946, 27)
(253, 309, 31)
(584, 916, 21)
(584, 186, 9)
(584, 558, 2)
(584, 647, 41)
(584, 841, 42)
(584, 557, 29)
(906, 238, 29)
(906, 237, 12)
(906, 299, 7)
(882, 331, 36)
(882, 653, 50)
(882, 78, 36)
(922, 309, 50)
(922, 122, 47)
(922, 183, 1)
(545, 309, 55)
(545, 93, 25)
(628, 553, 17)
(628, 4, 19)
(256, 309, 27)
(256, 654, 27)
(256, 941, 50)
(256, 321, 7)
(659, 369, 46)
(659, 309, 44)
(659, 934, 3)
(659, 81, 7)
(659, 474, 4)
(659, 75, 41)
(700, 309, 109)
(826, 309, 186)
(235, 718, 26)
(235, 953, 21)
(235, 223, 2)
(787, 720, 40)
(787, 610, 25)
(787, 309, 58)
(787, 950, 37)
(787, 171, 7)
(787, 121, 45)
(13, 309, 57)
(13, 186, 63)
(13, 558, 40)
(733, 309, 185)
(691, 309, 193)
(957, 637, 14)
(957, 806, 39)
(78, 309, 105)
(671, 309, 133)
(954, 309, 204)
(424, 903, 1)
(424, 441, 39)
(424, 593, 2)
(424, 472, 51)
(424, 657, 2)
(424, 359, 5)
(394, 864, 28)
(394, 309, 75)
(394, 267, 7)
(394, 111, 11)
(394, 934, 69)
(394, 20, 13)
(394, 697, 37)
(394, 474, 15)
(394, 972, 37)
(394, 878, 13)
(394, 391, 24)
(8, 309, 90)
(8, 430, 52)
(8, 47, 33)
(8, 666, 39)
(8, 978, 13)
(58, 240, 25)
(58, 309, 56)
(58, 706, 13)
(58, 387, 34)
(58, 228, 58)
(58, 794, 65)
(3, 309, 53)
(60, 700, 28)
(60, 309, 86)
(60, 691, 23)
(890, 41, 42)
(890, 309, 36)
(890, 768, 1)
(579, 309, 173)
(707, 697, 49)
(546, 309, 137)
(532, 309, 39)
(532, 613, 14)
(760, 309, 190)
(171, 309, 128)
(211, 309, 88)
(71, 309, 31)
(71, 350, 14)
(71, 266, 3)
(71, 949, 23)
(71, 861, 11)
(71, 177, 77)
(918, 784, 60)
(918, 131, 2)
(918, 307, 16)
(918, 822, 16)
(358, 309, 48)
(358, 339, 30)
(358, 381, 85)
(306, 309, 167)
(998, 234, 40)
(998, 158, 88)
(998, 680, 24)
(998, 622, 33)
(461, 309, 121)
(461, 932, 4)
(461, 348, 39)
(461, 208, 31)
(461, 524, 11)
(111, 309, 59)
(83, 190, 33)
(83, 939, 72)
(188, 735, 103)
(188, 177, 19)
(645, 309, 70)
(675, 309, 90)
(272, 541, 10)
(272, 309, 63)
(272, 694, 7)
(806, 309, 303)
(476, 41, 46)
(476, 165, 101)
(476, 538, 63)
(476, 710, 31)
(476, 249, 18)
(75, 309, 215)
(322, 960, 5)
(322, 309, 32)
(322, 692, 79)
(322, 822, 40)
(563, 627, 4)
(563, 440, 22)
(563, 205, 13)
(563, 166, 16)
(563, 603, 36)
(648, 832, 15)
(648, 764, 41)
(365, 309, 45)
(365, 600, 26)
(365, 244, 19)
(19, 309, 30)
(19, 657, 121)
(287, 579, 4)
(287, 763, 75)
(166, 309, 46)
(38, 309, 109)
(266, 309, 120)
(578, 416, 26)
(578, 309, 34)
(578, 495, 6)
(329, 309, 70)
(329, 154, 21)
(904, 309, 183)
(789, 398, 3)
(789, 515, 88)
(483, 691, 60)
(474, 309, 154)
(790, 309, 178)
(427, 309, 136)
(866, 309, 53)
(866, 697, 2)
(9, 306, 2)
(9, 309, 55)
(9, 647, 2)
(497, 398, 11)
(497, 633, 30)
(497, 540, 26)
(627, 309, 115)
(334, 309, 44)
(940, 544, 18)
(940, 266, 47)
(940, 735, 38)
(940, 757, 95)
(940, 842, 42)
(147, 309, 190)
(626, 468, 7)
(626, 4, 43)
(626, 686, 20)
(689, 309, 36)
(689, 464, 45)
(374, 777, 123)
(374, 709, 4)
(103, 582, 35)
(103, 541, 43)
(103, 482, 18)
(103, 310, 78)
(103, 694, 30)
(632, 720, 8)
(632, 26, 30)
(632, 175, 48)
(632, 850, 27)
(73, 309, 156)
(54, 399, 6)
(54, 267, 48)
(699, 375, 3)
(699, 475, 48)
(699, 666, 39)
(699, 978, 81)
(100, 605, 40)
(100, 594, 33)
(100, 309, 77)
(100, 598, 8)
(100, 755, 15)
(100, 162, 37)
(850, 309, 161)
(324, 309, 109)
(855, 646, 8)
(855, 309, 44)
(911, 605, 61)
(911, 38, 19)
(911, 613, 87)
(911, 806, 38)
(911, 825, 43)
(911, 997, 33)
(869, 309, 51)
(869, 565, 24)
(869, 814, 10)
(869, 686, 24)
(955, 738, 6)
(955, 491, 55)
(710, 309, 166)
(776, 309, 57)
(766, 885, 9)
(766, 772, 47)
(766, 617, 36)
(766, 553, 61)
(80, 309, 114)
(80, 979, 27)
(694, 309, 68)
(357, 309, 44)
(553, 309, 139)
(176, 309, 161)
(39, 880, 31)
(39, 618, 7)
(808, 309, 150)
(652, 309, 68)
(652, 691, 13)
(86, 6, 48)
(86, 309, 92)
(86, 26, 71)
(86, 661, 6)
(86, 515, 31)
(786, 307, 5)
(786, 121, 3)
(786, 450, 20)
(857, 627, 62)
(857, 579, 18)
(153, 309, 74)
(748, 309, 60)
(748, 171, 22)
(748, 653, 8)
(748, 883, 11)
(748, 121, 26)
(748, 352, 35)
(531, 309, 28)
(531, 378, 22)
(531, 826, 27)
(531, 501, 17)
(531, 491, 3)
(531, 135, 18)
(905, 946, 22)
(905, 309, 41)
(905, 33, 27)
(64, 864, 9)
(64, 169, 31)
(64, 75, 10)
(64, 847, 6)
(611, 309, 133)
(611, 468, 18)
(611, 549, 4)
(611, 181, 105)
(933, 864, 11)
(933, 75, 47)
(709, 309, 179)
(22, 367, 34)
(943, 762, 56)
(341, 91, 21)
(341, 241, 18)
(446, 309, 196)
(29, 309, 122)
(860, 309, 78)
(706, 309, 71)
(157, 960, 23)
(157, 345, 29)
(157, 307, 53)
(157, 822, 32)
(381, 309, 217)
(852, 309, 68)
(852, 965, 5)
(852, 590, 19)
(634, 309, 171)
(144, 932, 26)
(144, 956, 6)
(917, 519, 56)
(917, 814, 31)
(617, 309, 120)
(502, 228, 68)
(502, 589, 16)
(502, 994, 3)
(963, 771, 28)
(963, 549, 90)
(963, 885, 59)
(963, 248, 3)
(88, 309, 95)
(88, 565, 14)
(736, 691, 30)
(813, 326, 25)
(813, 128, 53)
(810, 309, 35)
(810, 153, 14)
(810, 304, 49)
(810, 593, 83)
(810, 401, 19)
(810, 528, 42)
(982, 309, 104)
(982, 598, 26)
(104, 25, 6)
(104, 309, 60)
(104, 567, 8)
(840, 385, 27)
(840, 696, 4)
(840, 858, 28)
(840, 662, 7)
(840, 359, 102)
(840, 575, 10)
(120, 309, 60)
(120, 697, 33)
(120, 859, 62)
(120, 286, 3)
(56, 309, 84)
(599, 306, 73)
(804, 309, 82)
(804, 4, 42)
(804, 994, 55)
(363, 309, 117)
(161, 864, 38)
(161, 169, 17)
(161, 369, 12)
(161, 81, 1)
(161, 474, 32)
(947, 946, 70)
(947, 309, 22)
(947, 438, 6)
(947, 930, 14)
(475, 309, 100)
(70, 860, 26)
(70, 849, 16)
(70, 331, 22)
(70, 744, 12)
(208, 309, 189)
(623, 798, 22)
(623, 870, 50)
(842, 309, 141)
(630, 718, 17)
(630, 309, 37)
(630, 644, 21)
(630, 404, 44)
(630, 223, 24)
(198, 549, 9)
(198, 822, 58)
(615, 97, 21)
(615, 309, 41)
(615, 657, 16)
(92, 288, 51)
(92, 428, 23)
(92, 25, 8)
(92, 371, 17)
(92, 782, 34)
(92, 619, 80)
(616, 309, 67)
(616, 199, 82)
(72, 945, 60)
(72, 520, 19)
(72, 309, 91)
(72, 354, 78)
(72, 364, 86)
(72, 728, 19)
(503, 381, 18)
(503, 488, 21)
(215, 309, 82)
(135, 309, 90)
(230, 241, 42)
(673, 467, 30)
(673, 997, 4)
(327, 309, 149)
(200, 864, 1)
(200, 309, 44)
(200, 75, 30)
(993, 309, 50)
(993, 515, 57)
(59, 309, 107)
(59, 637, 8)
(59, 773, 20)
(400, 309, 36)
(400, 339, 11)
(802, 594, 12)
(802, 309, 33)
(802, 162, 29)
(802, 999, 75)
(405, 190, 11)
(405, 419, 35)
(405, 299, 22)
(405, 254, 38)
(543, 482, 4)
(543, 309, 241)
(429, 864, 64)
(462, 115, 64)
(462, 309, 32)
(462, 430, 21)
(462, 979, 16)
(462, 617, 45)
(462, 478, 7)
(462, 199, 1)
(856, 335, 5)
(856, 309, 46)
(703, 567, 64)
(220, 762, 8)
(220, 172, 33)
(997, 309, 236)
(517, 741, 4)
(517, 246, 54)
(517, 444, 5)
(517, 681, 21)
(517, 261, 12)
(729, 506, 26)
(862, 309, 145)
(206, 309, 56)
(206, 841, 16)
(206, 164, 10)
(206, 575, 36)
(958, 579, 14)
(958, 332, 14)
(391, 309, 104)
(115, 309, 120)
(771, 309, 142)
(46, 605, 25)
(46, 309, 39)
(910, 859, 1)
(910, 709, 7)
(910, 286, 56)
(752, 816, 11)
(752, 309, 98)
(891, 314, 14)
(891, 382, 28)
(891, 290, 66)
(891, 913, 39)
(891, 644, 9)
(891, 344, 9)
(750, 579, 5)
(750, 307, 15)
(750, 763, 76)
(834, 515, 33)
(834, 747, 55)
(834, 326, 25)
(721, 398, 18)
(721, 309, 36)
(51, 73, 3)
(51, 172, 37)
(621, 912, 2)
(621, 277, 66)
(621, 554, 16)
(621, 775, 36)
(621, 823, 48)
(621, 488, 2)
(105, 208, 12)
(105, 344, 11)
(105, 244, 10)
(114, 738, 47)
(114, 309, 107)
(114, 254, 6)
(114, 308, 41)
(384, 309, 72)
(384, 99, 3)
(384, 44, 9)
(182, 309, 41)
(974, 946, 33)
(974, 309, 63)
(974, 33, 32)
(974, 26, 6)
(407, 169, 1)
(407, 309, 11)
(407, 267, 16)
(407, 474, 49)
(914, 309, 47)
(985, 309, 86)
(160, 309, 38)
(160, 99, 13)
(467, 309, 200)
(158, 309, 151)
(402, 960, 97)
(402, 559, 27)
(402, 141, 33)
(402, 490, 46)
(348, 309, 150)
(145, 335, 42)
(145, 600, 29)
(145, 511, 52)
(145, 177, 31)
(970, 309, 64)
(970, 444, 36)
(970, 613, 11)
(408, 738, 27)
(408, 491, 11)
(408, 567, 24)
(516, 309, 112)
(994, 309, 281)
(800, 309, 107)
(800, 44, 8)
(785, 816, 32)
(785, 309, 40)
(795, 808, 79)
(795, 865, 15)
(795, 759, 1)
(795, 466, 47)
(795, 888, 88)
(674, 956, 30)
(674, 671, 6)
(674, 208, 33)
(658, 864, 4)
(658, 309, 23)
(735, 309, 238)
(815, 309, 114)
(996, 979, 10)
(48, 35, 19)
(48, 309, 76)
(48, 661, 94)
(48, 596, 37)
(48, 117, 24)
(48, 529, 25)
(48, 744, 6)
(79, 690, 32)
(79, 482, 27)
(331, 309, 82)
(822, 309, 284)
(726, 496, 83)
(421, 309, 68)
(421, 241, 47)
(705, 912, 1)
(705, 700, 13)
(705, 309, 41)
(705, 339, 3)
(828, 171, 7)
(828, 883, 7)
(828, 845, 37)
(32, 309, 181)
(656, 309, 88)
(656, 950, 62)
(656, 333, 13)
(187, 309, 120)
(817, 33, 56)
(817, 529, 9)
(817, 770, 6)
(817, 540, 8)
(17, 680, 4)
(17, 249, 37)
(667, 32, 28)
(667, 889, 71)
(667, 50, 83)
(667, 337, 111)
(0, 338, 57)
(0, 567, 29)
(0, 924, 16)
(676, 37, 110)
(676, 97, 44)
(676, 3, 19)
(676, 754, 40)
(676, 742, 76)
(204, 309, 60)
(204, 205, 48)
(204, 822, 3)
(204, 352, 61)
(935, 309, 72)
(269, 309, 95)
(745, 309, 92)
(65, 633, 55)
(892, 404, 34)
(892, 223, 33)
(263, 309, 36)
(263, 257, 20)
(263, 93, 7)
(142, 718, 48)
(148, 309, 90)
(148, 595, 5)
(148, 418, 4)
(148, 422, 42)
(148, 540, 29)
(148, 427, 1)
(896, 446, 4)
(896, 865, 100)
(896, 309, 67)
(896, 731, 13)
(896, 466, 13)
(769, 309, 68)
(769, 418, 69)
(769, 252, 15)
(769, 438, 64)
(769, 633, 53)
(769, 173, 72)
(769, 588, 65)
(101, 335, 15)
(101, 309, 35)
(229, 199, 16)
(66, 690, 68)
(66, 14, 13)
(66, 745, 41)
(977, 147, 33)
(977, 645, 9)
(977, 406, 16)
(977, 427, 42)
(23, 309, 151)
(761, 387, 36)
(761, 965, 10)
(761, 565, 28)
(175, 309, 148)
(261, 309, 65)
(883, 309, 52)
(836, 446, 64)
(836, 903, 35)
(664, 309, 186)
(90, 309, 51)
(90, 634, 2)
(874, 349, 73)
(874, 622, 2)
(350, 309, 95)
(255, 309, 39)
(255, 267, 47)
(925, 153, 16)
(925, 696, 14)
(925, 662, 30)
(925, 337, 3)
(952, 468, 12)
(952, 994, 49)
(131, 309, 68)
(77, 307, 37)
(692, 309, 180)
(983, 309, 157)
(192, 389, 122)
(192, 822, 42)
(928, 309, 138)
(928, 257, 4)
(260, 688, 24)
(695, 122, 26)
(695, 824, 79)
(695, 241, 26)
(695, 651, 14)
(695, 570, 86)
(695, 954, 119)
(695, 542, 34)
(672, 538, 27)
(30, 379, 15)
(30, 985, 66)
(30, 158, 9)
(30, 660, 22)
(907, 634, 43)
(907, 184, 27)
(907, 171, 26)
(907, 307, 21)
(907, 332, 7)
(138, 309, 35)
(138, 367, 41)
(897, 309, 45)
(897, 515, 27)
(897, 849, 3)
(113, 309, 156)
(759, 309, 128)
(362, 701, 52)
(693, 113, 10)
(154, 309, 187)
(181, 309, 141)
(143, 309, 147)
(121, 309, 218)
(666, 309, 116)
(203, 416, 19)
(203, 309, 24)
(203, 827, 7)
(203, 764, 59)
(302, 309, 43)
(302, 20, 9)
(273, 309, 25)
(273, 777, 62)
(273, 870, 57)
(273, 859, 84)
(126, 416, 39)
(126, 265, 15)
(690, 309, 181)
(330, 309, 21)
(330, 113, 23)
(330, 965, 32)
(330, 590, 14)
(354, 309, 155)
(275, 309, 45)
(275, 389, 45)
(275, 352, 13)
(258, 309, 16)
(258, 299, 25)
(888, 309, 212)
(873, 416, 50)
(873, 309, 13)
(873, 826, 21)
(873, 122, 2)
(873, 506, 36)
(53, 646, 10)
(844, 309, 132)
(346, 771, 2)
(346, 559, 72)
(346, 141, 2)
(953, 309, 127)
(803, 378, 36)
(123, 309, 90)
(898, 309, 29)
(898, 664, 36)
(1, 535, 27)
(1, 878, 71)
(99, 309, 110)
(902, 309, 149)
(325, 808, 11)
(325, 696, 33)
(325, 593, 82)
(315, 309, 98)
(753, 309, 171)
(753, 598, 6)
(753, 467, 6)
(137, 32, 22)
(137, 466, 13)
(294, 464, 15)
(294, 147, 23)
(294, 747, 38)
(708, 309, 64)
(708, 886, 3)
(708, 409, 35)
(340, 861, 44)
(155, 605, 6)
(155, 594, 10)
(155, 755, 18)
(155, 807, 72)
(85, 694, 6)
(85, 844, 47)
(245, 309, 100)
(318, 738, 6)
(318, 25, 2)
(318, 309, 25)
(318, 338, 168)
(318, 782, 18)
(398, 309, 135)
(646, 309, 135)
(378, 309, 246)
(837, 168, 72)
(837, 246, 14)
(894, 961, 37)
(894, 309, 74)
(894, 760, 6)
(894, 164, 19)
(894, 516, 71)
(894, 191, 30)
(814, 309, 137)
(663, 309, 24)
(663, 468, 2)
(670, 738, 17)
(670, 309, 46)
(714, 309, 138)
(714, 886, 38)
(714, 409, 36)
(714, 42, 13)
(89, 605, 21)
(89, 215, 24)
(89, 496, 21)
(89, 806, 51)
(89, 518, 75)
(89, 590, 6)
(410, 309, 40)
(410, 237, 16)
(95, 430, 34)
(95, 375, 2)
(95, 692, 39)
(231, 267, 11)
(231, 197, 5)
(231, 383, 30)
(308, 309, 92)
(642, 864, 1)
(642, 309, 97)
(713, 240, 8)
(713, 743, 7)
(713, 790, 36)
(713, 589, 3)
(713, 650, 65)
(713, 313, 31)
(716, 468, 23)
(716, 228, 44)
(716, 245, 89)
(371, 309, 159)
(338, 309, 296)
(194, 309, 84)
(194, 757, 41)
(194, 654, 22)
(782, 309, 135)
(849, 309, 60)
(668, 309, 126)
(233, 904, 49)
(233, 593, 25)
(976, 309, 111)
(125, 309, 82)
(125, 941, 8)
(125, 176, 73)
(125, 391, 25)
(807, 309, 316)
(878, 309, 153)
(68, 309, 53)
(68, 688, 39)
(382, 309, 243)
(899, 822, 39)
(96, 309, 151)
(82, 700, 5)
(82, 309, 110)
(82, 901, 12)
(82, 969, 12)
(82, 128, 60)
(342, 309, 44)
(342, 184, 43)
(443, 309, 136)
(443, 512, 30)
(443, 554, 16)
(443, 823, 23)
(443, 271, 9)
(443, 93, 37)
(443, 84, 37)
(843, 428, 11)
(843, 309, 44)
(843, 338, 41)
(843, 782, 2)
(858, 309, 187)
(452, 309, 79)
(653, 309, 232)
(682, 442, 49)
(682, 506, 22)
(199, 309, 265)
(244, 309, 93)
(236, 816, 12)
(236, 187, 82)
(236, 11, 49)
(236, 997, 25)
(236, 799, 13)
(701, 309, 282)
(61, 309, 37)
(61, 246, 99)
(61, 678, 34)
(433, 309, 36)
(989, 979, 49)
(989, 590, 45)
(724, 579, 73)
(724, 634, 45)
(16, 309, 66)
(16, 901, 4)
(16, 361, 40)
(679, 634, 19)
(770, 309, 40)
(67, 806, 14)
(67, 807, 42)
(296, 309, 96)
(296, 893, 16)
(992, 605, 7)
(992, 701, 53)
(992, 806, 32)
(830, 309, 148)
(830, 423, 1)
(445, 861, 20)
(414, 309, 42)
(414, 822, 9)
(863, 309, 35)
(214, 735, 26)
(214, 757, 31)
(214, 249, 26)
(214, 415, 35)
(214, 323, 20)
(773, 309, 84)
(136, 815, 42)
(136, 122, 3)
(344, 309, 102)
(465, 288, 20)
(465, 309, 36)
(303, 335, 4)
(303, 644, 30)
(303, 208, 49)
(303, 344, 35)
(380, 816, 30)
(380, 541, 30)
(380, 767, 25)
(730, 309, 71)
(730, 338, 3)
(730, 924, 18)
(876, 96, 22)
(876, 820, 17)
(876, 806, 9)
(224, 309, 80)
(224, 691, 10)
(224, 257, 66)
(151, 32, 15)
(151, 309, 34)
(717, 41, 15)
(717, 309, 15)
(717, 967, 179)
(170, 430, 1)
(170, 508, 97)
(170, 822, 22)
(975, 309, 38)
(975, 870, 5)
(975, 247, 26)
(846, 519, 70)
(846, 309, 25)
(846, 965, 31)
(404, 309, 117)
(746, 519, 23)
(746, 309, 59)
(456, 133, 26)
(456, 201, 5)
(456, 309, 82)
(456, 916, 2)
(456, 921, 63)
(456, 841, 98)
(248, 309, 56)
(879, 309, 21)
(879, 419, 14)
(879, 495, 35)
(879, 733, 23)
(879, 265, 41)
(801, 816, 42)
(801, 309, 32)
(986, 45, 65)
(986, 309, 42)
(986, 827, 23)
(986, 254, 9)
(986, 832, 61)
(986, 571, 41)
(900, 309, 84)
(900, 565, 59)
(900, 4, 8)
(900, 686, 2)
(319, 309, 74)
(209, 564, 3)
(209, 310, 80)
(209, 668, 49)
(209, 844, 12)
(962, 610, 19)
(333, 309, 69)
(835, 97, 70)
(835, 805, 40)
(835, 11, 2)
(835, 759, 8)
(835, 301, 19)
(291, 389, 35)
(291, 131, 15)
(291, 845, 8)
(500, 979, 30)
(434, 444, 9)
(434, 997, 78)
(222, 309, 90)
(222, 680, 11)
(867, 430, 35)
(498, 309, 165)
(210, 309, 69)
(210, 466, 5)
(938, 997, 49)
(848, 349, 32)
(216, 27, 52)
(216, 538, 4)
(216, 234, 31)
(216, 660, 47)
(216, 697, 52)
(216, 622, 46)
(216, 321, 8)
(366, 91, 47)
(366, 886, 26)
(366, 506, 17)
(366, 241, 57)
(366, 832, 43)
(366, 409, 16)
(702, 309, 128)
(31, 482, 7)
(31, 681, 3)
(31, 997, 22)
(31, 261, 5)
(41, 309, 179)
(290, 309, 113)
(201, 309, 151)
(40, 141, 38)
(40, 307, 7)
(383, 309, 56)
(715, 309, 57)
(715, 122, 27)
(715, 506, 70)
(715, 954, 13)
(305, 309, 57)
(305, 972, 46)
(305, 783, 9)
(351, 444, 63)
(112, 389, 23)
(112, 307, 44)
(112, 285, 18)
(818, 442, 62)
(818, 558, 13)
(360, 590, 44)
(12, 309, 68)
(12, 618, 38)
(12, 128, 20)
(643, 467, 22)
(643, 613, 17)
(768, 309, 79)
(234, 309, 142)
(725, 738, 18)
(725, 309, 88)
(919, 309, 95)
(494, 458, 4)
(494, 309, 21)
(494, 558, 11)
(494, 42, 47)
(254, 309, 126)
(995, 776, 26)
(995, 858, 44)
(995, 337, 93)
(971, 309, 120)
(971, 953, 19)
(335, 309, 176)
(268, 309, 115)
(268, 662, 7)
(268, 191, 84)
(514, 608, 46)
(514, 26, 14)
(514, 184, 11)
(514, 175, 34)
(514, 862, 19)
(250, 299, 38)
(881, 367, 54)
(665, 498, 81)
(665, 549, 18)
(854, 14, 11)
(560, 595, 40)
(560, 661, 38)
(560, 422, 3)
(560, 529, 15)
(560, 633, 91)
(560, 935, 33)
(560, 744, 16)
(742, 309, 152)
(744, 309, 84)
(24, 309, 86)
(134, 309, 132)
(134, 979, 10)
(35, 309, 116)
(262, 797, 9)
(262, 159, 47)
(262, 767, 5)
(903, 309, 59)
(870, 309, 260)
(504, 309, 110)
(504, 696, 27)
(504, 904, 24)
(504, 731, 9)
(509, 309, 53)
(509, 91, 6)
(509, 241, 35)
(509, 409, 6)
(796, 335, 3)
(796, 309, 139)
(796, 949, 44)
(796, 34, 20)
(796, 991, 63)
(796, 177, 16)
(129, 423, 35)
(129, 710, 4)
(129, 221, 11)
(129, 762, 48)
(247, 309, 162)
(314, 309, 39)
(722, 720, 35)
(722, 610, 22)
(722, 309, 87)
(722, 664, 25)
(274, 309, 86)
(274, 247, 28)
(926, 309, 39)
(926, 638, 15)
(926, 20, 84)
(926, 654, 9)
(926, 709, 53)
(926, 702, 11)
(74, 309, 38)
(74, 764, 3)
(122, 309, 159)
(195, 309, 61)
(195, 556, 18)
(195, 249, 13)
(195, 323, 9)
(811, 696, 7)
(811, 888, 4)
(811, 727, 62)
(895, 32, 27)
(895, 309, 32)
(320, 309, 120)
(320, 228, 8)
(320, 553, 17)
(887, 309, 72)
(887, 350, 10)
(587, 932, 44)
(587, 213, 77)
(587, 567, 6)
(587, 600, 15)
(587, 348, 66)
(587, 924, 39)
(763, 309, 226)
(396, 301, 3)
(396, 799, 52)
(966, 972, 55)
(749, 169, 31)
(749, 309, 58)
(655, 309, 53)
(655, 495, 55)
(655, 733, 57)
(988, 382, 112)
(988, 913, 22)
(988, 428, 86)
(951, 309, 120)
(106, 41, 17)
(106, 281, 51)
(106, 165, 1)
(106, 309, 69)
(106, 556, 4)
(106, 321, 29)
(164, 309, 49)
(455, 299, 44)
(829, 433, 13)
(829, 849, 1)
(829, 427, 51)
(478, 309, 92)
(395, 309, 46)
(395, 38, 30)
(395, 143, 65)
(608, 309, 58)
(468, 309, 90)
(339, 309, 91)
(515, 309, 284)
(565, 309, 125)
(466, 309, 137)
(93, 309, 91)
(449, 309, 83)
(128, 309, 219)
(537, 309, 82)
(50, 309, 83)
(337, 309, 207)
(385, 309, 58)
(416, 309, 160)
(25, 309, 64)
(267, 309, 145)
(252, 309, 24)
(246, 309, 219)
(444, 309, 122)
(301, 309, 22)
(593, 309, 192)
(238, 309, 129)
(349, 309, 230)
(307, 309, 198)
(4, 309, 120)
(528, 309, 87)
(265, 309, 56)
(223, 309, 73)
(169, 309, 139)
(520, 309, 19)
(33, 309, 124)
(205, 309, 82)
(91, 309, 123)
(310, 309, 158)
(506, 309, 208)
(108, 309, 20)
(249, 309, 94)
(415, 309, 35)
(323, 309, 62)
(321, 309, 82)
(379, 309, 50)
(541, 309, 83)
(240, 309, 33)
(442, 309, 111)
(419, 309, 49)
(495, 309, 96)
(644, 309, 60)
(184, 309, 81)
(228, 309, 184)
(637, 309, 69)
(660, 309, 146)
(336, 309, 80)
(589, 309, 19)
(409, 309, 93)
(42, 309, 60)
(183, 309, 86)
(281, 309, 51)
(165, 309, 140)
(185, 309, 172)
(559, 309, 99)
(464, 309, 60)
(117, 309, 85)
(375, 309, 40)
(162, 309, 92)
(613, 309, 129)
(439, 309, 33)
(237, 309, 69)
(124, 309, 104)
(299, 309, 137)
(286, 309, 59)
(688, 309, 63)
(359, 309, 107)
(718, 309, 184)
(538, 309, 94)
(418, 309, 73)
(422, 309, 45)
(141, 309, 90)
(638, 309, 15)
(20, 309, 129)
(364, 309, 86)
(257, 309, 134)
(697, 309, 260)
(173, 309, 72)
(332, 309, 21)
(650, 309, 65)
(313, 309, 46)
(177, 309, 169)
(544, 309, 18)
(519, 309, 187)
(661, 309, 138)
(529, 309, 49)
(603, 309, 36)
(403, 309, 102)
(241, 309, 318)
(172, 309, 70)
(622, 309, 240)
(352, 309, 109)
(590, 309, 128)
(168, 309, 72)
(133, 309, 26)
(458, 309, 122)
(213, 309, 142)
(696, 309, 85)
(441, 309, 39)
(221, 309, 11)
(110, 309, 43)
(84, 309, 37)
(472, 309, 69)
(657, 309, 139)
(6, 309, 48)
(45, 309, 65)
(399, 309, 68)
(430, 309, 176)
(47, 309, 33)
(387, 309, 70)
(491, 309, 91)
(81, 309, 22)
(492, 309, 74)
(728, 309, 29)
(619, 309, 117)
(285, 309, 18)
(727, 309, 63)
(605, 309, 234)
(372, 309, 44)
(440, 309, 22)
(197, 646, 5)
(754, 309, 40)
(508, 309, 97)
(654, 309, 58)
(731, 309, 110)
(345, 309, 79)
(326, 309, 68)
(518, 309, 75)
(571, 309, 41)
(37, 309, 136)
(190, 309, 44)
(428, 309, 124)
(798, 309, 47)
(512, 309, 30)
(11, 309, 51)
(367, 309, 157)
(685, 309, 86)
(772, 309, 47)
(401, 309, 19)
(34, 309, 90)
(406, 309, 16)
(361, 309, 40)
(69, 309, 32)
(450, 309, 20)
(369, 309, 58)
(277, 309, 66)
(607, 309, 73)
(554, 309, 32)
(304, 309, 49)
(63, 309, 37)
(63, 979, 61)
(63, 181, 26)
(102, 234, 15)
(102, 349, 61)
(102, 660, 59)
(102, 697, 66)
(102, 709, 51)
(127, 165, 38)
(127, 349, 57)
(127, 323, 33)
(140, 309, 143)
(159, 309, 124)
(178, 816, 35)
(178, 97, 3)
(178, 482, 33)
(178, 607, 73)
(178, 367, 28)
(178, 888, 39)
(178, 357, 14)
(178, 844, 35)
(178, 727, 1)
(191, 309, 164)
(251, 27, 27)
(251, 660, 18)
(251, 622, 53)
(279, 354, 13)
(279, 269, 45)
(288, 309, 175)
(292, 309, 117)
(292, 709, 6)
(292, 783, 15)
(292, 847, 14)
(316, 309, 67)
(353, 309, 134)
(353, 556, 30)
(353, 861, 10)
(355, 309, 57)
(355, 741, 120)
(355, 678, 39)
(368, 605, 40)
(368, 96, 14)
(368, 755, 50)
(368, 162, 10)
(368, 637, 31)
(368, 313, 15)
(389, 309, 305)
(392, 309, 73)
(392, 23, 18)
(392, 211, 23)
(392, 261, 5)
(412, 961, 50)
(412, 309, 34)
(412, 760, 35)
(420, 385, 31)
(420, 961, 18)
(420, 201, 25)
(420, 334, 24)
(420, 921, 118)
(420, 528, 2)
(438, 309, 113)
(448, 728, 10)
(448, 44, 3)
(457, 458, 118)
(457, 309, 33)
(457, 241, 3)
(457, 183, 85)
(460, 309, 41)
(460, 238, 43)
(473, 379, 28)
(473, 309, 78)
(477, 309, 103)
(477, 506, 37)
(477, 108, 20)
(477, 976, 20)
(479, 309, 102)
(479, 468, 28)
(479, 375, 5)
(481, 110, 19)
(481, 247, 41)
(482, 309, 113)
(484, 902, 28)
(484, 375, 30)
(484, 228, 6)
(485, 399, 14)
(485, 934, 17)
(485, 859, 42)
(485, 847, 21)
(487, 309, 30)
(487, 205, 21)
(487, 141, 17)
(488, 309, 38)
(490, 309, 140)
(493, 309, 121)
(501, 309, 57)
(505, 309, 69)
(505, 647, 37)
(505, 760, 46)
(513, 147, 33)
(513, 969, 58)
(513, 326, 18)
(522, 398, 3)
(522, 26, 113)
(522, 117, 61)
(522, 633, 29)
(522, 664, 34)
(526, 309, 38)
(527, 169, 12)
(527, 646, 59)
(527, 185, 45)
(527, 267, 16)
(530, 309, 35)
(530, 941, 15)
(530, 321, 25)
(533, 309, 28)
(533, 466, 59)
(533, 668, 21)
(535, 309, 65)
(536, 372, 44)
(536, 56, 12)
(536, 731, 88)
(536, 439, 33)
(536, 403, 102)
(536, 662, 2)
(536, 528, 43)
(536, 472, 18)
(539, 309, 64)
(539, 162, 16)
(540, 309, 134)
(548, 634, 34)
(548, 345, 50)
(549, 309, 145)
(551, 378, 96)
(551, 685, 86)
(555, 309, 122)
(555, 567, 14)
(557, 309, 87)
(561, 901, 22)
(561, 969, 6)
(561, 449, 26)
(564, 309, 33)
(567, 309, 236)
(568, 519, 37)
(568, 199, 5)
(569, 399, 48)
(569, 309, 113)
(569, 798, 25)
(569, 777, 57)
(573, 309, 133)
(573, 768, 1)
(573, 423, 43)
(573, 556, 40)
(575, 309, 83)
(576, 309, 60)
(576, 914, 13)
(576, 692, 28)
(583, 309, 22)
(583, 378, 28)
(588, 309, 109)
(591, 701, 94)
(591, 187, 1)
(591, 853, 19)
(591, 951, 5)
(591, 999, 12)
(591, 467, 16)
(591, 681, 10)
(591, 825, 40)
(591, 211, 9)
(591, 797, 8)
(594, 309, 228)
(595, 309, 106)
(596, 309, 105)
(597, 154, 38)
(597, 516, 10)
(600, 309, 138)
(606, 309, 64)
(610, 309, 122)
(618, 309, 74)
(624, 41, 44)
(624, 309, 43)
(624, 967, 18)
(629, 861, 27)
(631, 826, 6)
(631, 241, 39)
(633, 309, 306)
(636, 335, 65)
(636, 309, 45)
(636, 949, 3)
(636, 73, 46)
(639, 646, 8)
(639, 309, 57)
(647, 309, 127)
(651, 309, 14)
(678, 309, 191)
(680, 309, 39)
(681, 309, 34)
(686, 309, 46)
(720, 309, 83)
(738, 309, 172)
(739, 309, 14)
(741, 309, 124)
(743, 309, 7)
(747, 309, 158)
(755, 309, 83)
(757, 309, 184)
(762, 309, 120)
(764, 309, 103)
(767, 309, 30)
(775, 309, 36)
(777, 309, 243)
(783, 309, 24)
(784, 309, 60)
(794, 309, 65)
(797, 309, 29)
(799, 309, 65)
(805, 309, 40)
(816, 309, 162)
(820, 309, 17)
(823, 309, 71)
(824, 309, 117)
(825, 309, 83)
(827, 309, 40)
(841, 309, 156)
(845, 309, 45)
(847, 309, 56)
(853, 309, 19)
(859, 309, 189)
(861, 309, 154)
(864, 309, 167)
(865, 309, 115)
(880, 309, 53)
(885, 309, 68)
(886, 309, 71)
(889, 309, 71)
(893, 309, 84)
(912, 309, 41)
(913, 309, 63)
(916, 309, 40)
(921, 309, 181)
(924, 309, 80)
(931, 309, 54)
(932, 309, 79)
(934, 309, 89)
(939, 309, 89)
(944, 449, 47)
(944, 618, 12)
(945, 309, 60)
(946, 309, 167)
(949, 309, 70)
(950, 309, 99)
(956, 309, 62)
(960, 309, 125)
(961, 309, 131)
(965, 309, 78)
(967, 309, 197)
(969, 309, 76)
(972, 309, 138)
(979, 309, 207)
(991, 309, 63)
(999, 309, 87)
