Weight of minimal spanning tree: 14570
Edges of tree:
(1, 438, 4)
(2, 387, 47)
(3, 565, 27)
(4, 320, 16)
(5, 527, 4)
(6, 279, 2)
(7, 223, 14)
(8, 219, 6)
(9, 934, 11)
(10, 805, 12)
(11, 536, 11)
(12, 56, 23)
(13, 877, 5)
(4, 14, 10)
(15, 551, 21)
(16, 143, 11)
(17, 983, 17)
(18, 217, 18)
(19, 448, 24)
(20, 130, 10)
(21, 504, 21)
(22, 562, 11)
(23, 209, 11)
(24, 783, 22)
(14, 25, 15)
(26, 202, 14)
(27, 726, 25)
(28, 247, 14)
(29, 571, 18)
(30, 309, 32)
(31, 433, 19)
(32, 598, 8)
(33, 268, 8)
(34, 549, 21)
(35, 463, 3)
(36, 812, 9)
(37, 454, 5)
(38, 961, 6)
(39, 169, 7)
(40, 835, 24)
(41, 153, 20)
(42, 635, 8)
(43, 610, 3)
(44, 693, 14)
(45, 169, 58)
(46, 232, 10)
(47, 420, 2)
(48, 559, 15)
(49, 901, 12)
(50, 106, 9)
(51, 311, 5)
(52, 983, 10)
(53, 258, 11)
(54, 978, 23)
(55, 481, 9)
(56, 346, 7)
(57, 878, 13)
(58, 208, 10)
(47, 59, 2)
(60, 504, 4)
(61, 324, 18)
(62, 795, 4)
(63, 475, 37)
(64, 837, 5)
(65, 97, 11)
(66, 897, 20)
(67, 261, 37)
(68, 743, 10)
(69, 879, 11)
(70, 96, 5)
(71, 534, 2)
(72, 167, 9)
(73, 394, 5)
(74, 333, 8)
(75, 974, 9)
(76, 118, 15)
(77, 778, 33)
(48, 78, 16)
(39, 79, 15)
(19, 80, 5)
(81, 222, 61)
(82, 540, 4)
(83, 249, 21)
(84, 871, 29)
(85, 923, 5)
(86, 375, 15)
(87, 143, 9)
(88, 598, 7)
(89, 939, 12)
(90, 134, 14)
(91, 978, 10)
(92, 189, 31)
(5, 93, 10)
(94, 558, 4)
(95, 264, 6)
(96, 447, 14)
(97, 941, 11)
(98, 454, 7)
(99, 209, 15)
(100, 663, 4)
(101, 515, 14)
(102, 473, 6)
(103, 231, 3)
(104, 170, 38)
(105, 129, 7)
(106, 151, 16)
(10, 107, 3)
(108, 422, 5)
(109, 484, 17)
(110, 562, 2)
(111, 545, 3)
(112, 295, 21)
(113, 861, 3)
(114, 652, 20)
(115, 780, 11)
(116, 834, 14)
(117, 370, 15)
(118, 760, 5)
(119, 260, 12)
(120, 559, 13)
(121, 244, 18)
(122, 486, 5)
(123, 282, 19)
(124, 935, 3)
(125, 337, 40)
(126, 379, 44)
(127, 311, 13)
(128, 653, 61)
(74, 129, 4)
(130, 551, 15)
(131, 483, 55)
(132, 643, 2)
(133, 211, 5)
(134, 214, 9)
(135, 171, 21)
(136, 983, 6)
(137, 651, 17)
(138, 417, 9)
(139, 348, 22)
(140, 377, 29)
(141, 723, 17)
(142, 528, 15)
(143, 267, 8)
(144, 815, 8)
(145, 365, 11)
(146, 254, 27)
(108, 147, 4)
(148, 836, 12)
(149, 610, 2)
(150, 993, 10)
(151, 438, 3)
(152, 757, 15)
(153, 399, 2)
(154, 694, 35)
(155, 426, 12)
(156, 830, 18)
(157, 606, 17)
(158, 198, 29)
(159, 407, 2)
(160, 379, 5)
(161, 385, 15)
(162, 522, 8)
(163, 557, 39)
(164, 871, 10)
(165, 597, 2)
(166, 921, 18)
(119, 167, 7)
(168, 645, 7)
(169, 767, 3)
(170, 475, 51)
(171, 870, 17)
(86, 172, 19)
(173, 834, 17)
(174, 389, 39)
(175, 276, 8)
(176, 846, 6)
(177, 667, 19)
(178, 949, 11)
(83, 179, 12)
(180, 924, 3)
(181, 201, 3)
(182, 761, 9)
(183, 994, 8)
(184, 451, 18)
(185, 619, 24)
(86, 186, 16)
(187, 653, 11)
(188, 223, 19)
(189, 689, 40)
(190, 746, 14)
(191, 826, 38)
(192, 581, 8)
(159, 193, 3)
(194, 368, 12)
(195, 508, 9)
(196, 906, 81)
(69, 197, 19)
(198, 268, 23)
(199, 459, 15)
(200, 412, 14)
(155, 201, 8)
(48, 202, 4)
(195, 203, 29)
(204, 348, 12)
(205, 544, 17)
(206, 290, 15)
(207, 975, 2)
(208, 231, 4)
(209, 870, 15)
(96, 210, 28)
(211, 424, 3)
(212, 371, 19)
(213, 479, 5)
(64, 214, 19)
(215, 936, 9)
(161, 216, 18)
(217, 959, 15)
(218, 751, 20)
(219, 586, 15)
(220, 253, 56)
(221, 887, 36)
(222, 677, 11)
(223, 445, 4)
(224, 353, 18)
(225, 877, 55)
(226, 834, 10)
(227, 398, 19)
(228, 755, 18)
(229, 767, 16)
(230, 550, 12)
(231, 577, 8)
(232, 778, 2)
(233, 410, 26)
(184, 234, 42)
(235, 536, 18)
(166, 236, 5)
(237, 704, 13)
(157, 238, 16)
(239, 504, 15)
(240, 844, 33)
(241, 863, 54)
(242, 744, 11)
(106, 243, 13)
(169, 244, 26)
(245, 888, 40)
(26, 246, 19)
(247, 414, 9)
(248, 324, 3)
(249, 387, 10)
(250, 490, 12)
(251, 878, 4)
(252, 530, 9)
(253, 307, 32)
(254, 419, 4)
(255, 858, 13)
(256, 444, 8)
(102, 257, 6)
(258, 468, 13)
(259, 743, 11)
(260, 956, 4)
(261, 386, 3)
(262, 913, 5)
(263, 413, 13)
(264, 608, 7)
(265, 983, 25)
(266, 616, 16)
(267, 403, 27)
(268, 897, 3)
(269, 689, 14)
(15, 270, 9)
(271, 814, 15)
(272, 416, 7)
(273, 341, 38)
(274, 548, 30)
(106, 275, 17)
(276, 277, 2)
(277, 457, 14)
(278, 422, 11)
(279, 712, 27)
(280, 415, 2)
(281, 704, 11)
(158, 282, 12)
(283, 643, 14)
(33, 284, 3)
(285, 491, 10)
(286, 658, 37)
(105, 287, 4)
(288, 445, 22)
(289, 640, 10)
(290, 601, 5)
(291, 348, 20)
(292, 545, 34)
(293, 773, 2)
(294, 775, 2)
(295, 791, 4)
(296, 705, 4)
(70, 297, 5)
(298, 322, 25)
(299, 744, 15)
(300, 645, 3)
(301, 675, 15)
(168, 302, 15)
(249, 303, 12)
(304, 559, 11)
(263, 305, 23)
(306, 846, 27)
(307, 832, 25)
(308, 786, 6)
(309, 399, 2)
(310, 844, 23)
(300, 311, 10)
(312, 354, 8)
(313, 737, 2)
(194, 314, 10)
(305, 315, 11)
(316, 466, 12)
(272, 317, 20)
(318, 861, 2)
(229, 319, 26)
(259, 320, 3)
(321, 436, 25)
(322, 563, 19)
(323, 817, 7)
(324, 834, 9)
(325, 850, 2)
(326, 761, 15)
(327, 688, 14)
(328, 398, 8)
(329, 910, 37)
(330, 741, 22)
(331, 392, 3)
(164, 332, 27)
(333, 624, 4)
(334, 707, 13)
(315, 335, 18)
(336, 982, 25)
(337, 918, 18)
(338, 683, 14)
(339, 433, 17)
(239, 340, 24)
(341, 857, 8)
(169, 342, 19)
(343, 976, 13)
(344, 955, 5)
(345, 758, 25)
(208, 346, 16)
(347, 961, 8)
(348, 850, 16)
(349, 676, 18)
(350, 932, 27)
(57, 351, 32)
(352, 367, 28)
(353, 361, 41)
(354, 364, 10)
(149, 355, 2)
(356, 925, 26)
(357, 994, 17)
(358, 517, 14)
(359, 475, 22)
(360, 395, 5)
(213, 361, 37)
(362, 364, 14)
(296, 363, 16)
(124, 364, 12)
(127, 365, 19)
(213, 366, 13)
(284, 367, 25)
(368, 805, 13)
(19, 369, 13)
(370, 861, 6)
(57, 371, 15)
(372, 784, 4)
(373, 966, 30)
(110, 374, 25)
(200, 375, 15)
(376, 860, 6)
(377, 778, 14)
(378, 501, 31)
(379, 431, 22)
(380, 390, 13)
(271, 381, 18)
(382, 716, 20)
(383, 686, 16)
(384, 825, 11)
(385, 726, 7)
(386, 879, 5)
(387, 736, 11)
(231, 388, 62)
(389, 978, 10)
(272, 390, 7)
(316, 391, 9)
(392, 690, 25)
(393, 545, 20)
(394, 953, 38)
(171, 395, 9)
(65, 396, 18)
(397, 909, 14)
(36, 398, 7)
(346, 399, 5)
(400, 483, 8)
(154, 401, 15)
(402, 990, 18)
(403, 725, 4)
(404, 681, 7)
(114, 405, 4)
(406, 651, 11)
(407, 720, 11)
(408, 798, 12)
(378, 409, 16)
(410, 550, 21)
(1, 411, 24)
(412, 834, 6)
(413, 533, 21)
(414, 790, 9)
(415, 610, 3)
(280, 416, 7)
(417, 598, 4)
(58, 418, 18)
(168, 419, 8)
(420, 471, 6)
(421, 933, 4)
(422, 833, 4)
(57, 423, 4)
(108, 424, 2)
(377, 425, 24)
(426, 560, 12)
(275, 427, 20)
(428, 832, 4)
(429, 951, 38)
(430, 814, 12)
(431, 987, 4)
(402, 432, 21)
(433, 656, 3)
(434, 896, 8)
(403, 435, 5)
(436, 920, 29)
(306, 437, 16)
(133, 438, 2)
(439, 720, 11)
(251, 440, 9)
(441, 722, 18)
(216, 442, 27)
(443, 770, 6)
(444, 919, 11)
(445, 921, 11)
(446, 502, 13)
(447, 919, 8)
(362, 448, 17)
(449, 454, 20)
(450, 482, 9)
(14, 451, 9)
(452, 705, 9)
(453, 597, 3)
(398, 454, 14)
(417, 455, 2)
(22, 456, 35)
(226, 457, 8)
(397, 458, 7)
(447, 459, 15)
(460, 994, 14)
(446, 461, 12)
(462, 720, 6)
(463, 822, 28)
(382, 464, 5)
(465, 935, 63)
(466, 712, 4)
(467, 634, 2)
(451, 468, 10)
(31, 469, 20)
(403, 470, 16)
(471, 981, 10)
(472, 613, 12)
(473, 490, 13)
(70, 474, 3)
(412, 475, 17)
(155, 476, 53)
(477, 757, 19)
(478, 998, 34)
(479, 843, 10)
(480, 739, 21)
(481, 647, 4)
(482, 490, 7)
(483, 701, 18)
(317, 484, 6)
(1, 485, 11)
(486, 878, 14)
(487, 578, 8)
(488, 516, 16)
(489, 521, 15)
(311, 490, 7)
(187, 491, 4)
(492, 710, 27)
(493, 659, 7)
(400, 494, 25)
(495, 643, 14)
(496, 937, 11)
(453, 497, 19)
(213, 498, 9)
(499, 765, 8)
(406, 500, 8)
(441, 501, 3)
(94, 502, 12)
(223, 503, 9)
(504, 830, 10)
(505, 968, 15)
(506, 966, 40)
(356, 507, 7)
(333, 508, 14)
(297, 509, 25)
(510, 997, 6)
(511, 875, 5)
(512, 864, 25)
(38, 513, 11)
(514, 566, 12)
(515, 934, 10)
(516, 822, 4)
(517, 998, 13)
(518, 993, 13)
(519, 597, 9)
(520, 566, 42)
(417, 521, 13)
(296, 522, 15)
(120, 523, 18)
(524, 921, 4)
(266, 525, 12)
(526, 745, 18)
(527, 712, 3)
(53, 528, 11)
(529, 661, 20)
(29, 530, 20)
(531, 813, 44)
(532, 807, 18)
(533, 965, 18)
(254, 534, 10)
(208, 535, 33)
(536, 836, 5)
(155, 537, 52)
(313, 538, 3)
(348, 539, 19)
(346, 540, 4)
(326, 541, 27)
(542, 969, 4)
(272, 543, 3)
(320, 544, 11)
(268, 545, 3)
(546, 938, 29)
(547, 725, 15)
(309, 548, 19)
(549, 658, 20)
(550, 850, 4)
(551, 888, 10)
(111, 552, 2)
(553, 929, 35)
(554, 936, 32)
(222, 555, 25)
(69, 556, 7)
(297, 557, 2)
(558, 622, 16)
(137, 559, 18)
(431, 560, 4)
(561, 910, 27)
(364, 562, 11)
(108, 563, 20)
(564, 831, 13)
(236, 565, 16)
(111, 566, 2)
(567, 833, 4)
(352, 568, 20)
(569, 835, 7)
(570, 775, 19)
(396, 571, 4)
(572, 642, 9)
(502, 573, 35)
(574, 923, 15)
(24, 575, 12)
(576, 764, 2)
(577, 803, 14)
(16, 578, 20)
(579, 821, 28)
(460, 580, 2)
(581, 747, 11)
(582, 760, 20)
(490, 583, 12)
(4, 584, 11)
(585, 616, 14)
(338, 586, 11)
(335, 587, 11)
(588, 703, 35)
(575, 589, 42)
(590, 817, 35)
(591, 968, 14)
(592, 633, 10)
(266, 593, 3)
(594, 973, 7)
(530, 595, 22)
(596, 977, 4)
(261, 597, 5)
(215, 598, 3)
(599, 745, 22)
(230, 600, 6)
(483, 601, 16)
(10, 602, 6)
(603, 979, 18)
(35, 604, 14)
(354, 605, 16)
(606, 778, 20)
(335, 607, 18)
(364, 608, 2)
(609, 914, 7)
(610, 640, 11)
(611, 782, 3)
(533, 612, 13)
(504, 613, 13)
(614, 908, 19)
(341, 615, 5)
(616, 745, 6)
(617, 854, 33)
(618, 865, 6)
(115, 619, 8)
(89, 620, 23)
(399, 621, 18)
(151, 622, 5)
(623, 747, 6)
(295, 624, 11)
(381, 625, 3)
(58, 626, 20)
(627, 816, 22)
(628, 713, 3)
(629, 820, 33)
(630, 851, 7)
(550, 631, 31)
(632, 846, 11)
(46, 633, 19)
(369, 634, 12)
(209, 635, 5)
(636, 871, 19)
(410, 637, 14)
(558, 638, 55)
(613, 639, 14)
(344, 640, 2)
(188, 641, 11)
(642, 844, 16)
(610, 643, 15)
(228, 644, 4)
(0, 645, 46)
(98, 646, 8)
(563, 647, 10)
(258, 648, 13)
(649, 654, 11)
(380, 650, 13)
(651, 720, 7)
(591, 652, 8)
(65, 653, 18)
(654, 656, 5)
(434, 655, 4)
(68, 656, 19)
(359, 657, 9)
(117, 658, 4)
(367, 659, 5)
(197, 660, 5)
(661, 801, 4)
(662, 733, 10)
(58, 663, 14)
(664, 921, 2)
(50, 665, 2)
(666, 892, 9)
(322, 667, 21)
(284, 668, 14)
(669, 686, 4)
(282, 670, 14)
(330, 671, 4)
(253, 672, 21)
(526, 673, 15)
(301, 674, 6)
(435, 675, 11)
(676, 871, 5)
(257, 677, 17)
(543, 678, 28)
(155, 679, 29)
(383, 680, 13)
(681, 741, 20)
(343, 682, 25)
(363, 683, 5)
(684, 958, 11)
(628, 685, 19)
(479, 686, 3)
(687, 764, 3)
(254, 688, 6)
(658, 689, 6)
(86, 690, 9)
(272, 691, 5)
(122, 692, 23)
(445, 693, 3)
(602, 694, 2)
(169, 695, 10)
(412, 696, 24)
(135, 697, 21)
(438, 698, 2)
(567, 699, 23)
(428, 700, 12)
(701, 718, 6)
(656, 702, 60)
(288, 703, 3)
(181, 704, 4)
(403, 705, 3)
(706, 964, 12)
(440, 707, 5)
(311, 708, 22)
(709, 992, 4)
(651, 710, 46)
(419, 711, 17)
(278, 712, 13)
(713, 727, 6)
(480, 714, 34)
(715, 926, 3)
(716, 892, 18)
(562, 717, 13)
(718, 887, 10)
(244, 719, 84)
(473, 720, 2)
(403, 721, 9)
(690, 722, 21)
(552, 723, 31)
(410, 724, 10)
(725, 791, 2)
(612, 726, 12)
(727, 985, 6)
(728, 924, 16)
(729, 793, 15)
(16, 730, 36)
(731, 935, 10)
(62, 732, 7)
(733, 743, 37)
(30, 734, 10)
(735, 836, 4)
(111, 736, 13)
(305, 737, 21)
(325, 738, 10)
(56, 739, 12)
(339, 740, 5)
(474, 741, 9)
(187, 742, 7)
(408, 743, 9)
(513, 744, 8)
(149, 745, 9)
(102, 746, 25)
(621, 747, 26)
(377, 748, 10)
(261, 749, 17)
(733, 750, 34)
(207, 751, 2)
(752, 842, 27)
(539, 753, 11)
(523, 754, 9)
(592, 755, 18)
(649, 756, 3)
(570, 757, 6)
(639, 758, 13)
(29, 759, 7)
(760, 973, 24)
(142, 761, 15)
(210, 762, 22)
(266, 763, 8)
(385, 764, 7)
(92, 765, 20)
(227, 766, 26)
(767, 834, 9)
(540, 768, 2)
(649, 769, 8)
(737, 770, 2)
(692, 771, 11)
(772, 940, 3)
(617, 773, 8)
(774, 992, 24)
(519, 775, 10)
(776, 811, 29)
(777, 796, 41)
(149, 778, 4)
(779, 900, 16)
(780, 970, 18)
(379, 781, 24)
(52, 782, 21)
(783, 832, 23)
(264, 784, 13)
(785, 907, 14)
(786, 855, 2)
(61, 787, 7)
(40, 788, 30)
(408, 789, 13)
(519, 790, 16)
(201, 791, 9)
(207, 792, 2)
(477, 793, 14)
(610, 794, 14)
(504, 795, 9)
(796, 949, 11)
(729, 797, 18)
(181, 798, 2)
(738, 799, 31)
(613, 800, 61)
(772, 801, 6)
(214, 802, 14)
(459, 803, 9)
(666, 804, 13)
(472, 805, 5)
(485, 806, 20)
(215, 807, 14)
(808, 948, 28)
(498, 809, 7)
(33, 810, 27)
(154, 811, 36)
(668, 812, 10)
(543, 813, 9)
(814, 863, 10)
(404, 815, 2)
(639, 816, 17)
(342, 817, 7)
(797, 818, 29)
(344, 819, 17)
(292, 820, 11)
(819, 821, 29)
(12, 822, 25)
(655, 823, 6)
(428, 824, 6)
(825, 896, 3)
(622, 826, 8)
(23, 827, 25)
(599, 828, 17)
(603, 829, 3)
(830, 955, 7)
(831, 833, 12)
(451, 832, 17)
(155, 833, 13)
(651, 834, 12)
(744, 835, 7)
(271, 836, 19)
(621, 837, 14)
(412, 838, 12)
(647, 839, 22)
(364, 840, 22)
(66, 841, 23)
(381, 842, 20)
(391, 843, 8)
(656, 844, 18)
(130, 845, 19)
(14, 846, 8)
(684, 847, 9)
(362, 848, 3)
(849, 950, 15)
(133, 850, 6)
(690, 851, 8)
(852, 887, 49)
(678, 853, 27)
(438, 854, 16)
(211, 855, 13)
(743, 856, 33)
(857, 919, 13)
(686, 858, 9)
(734, 859, 57)
(694, 860, 11)
(223, 861, 15)
(635, 862, 18)
(308, 863, 10)
(178, 864, 30)
(522, 865, 11)
(78, 866, 2)
(867, 905, 9)
(487, 868, 15)
(869, 931, 14)
(782, 870, 2)
(871, 995, 11)
(872, 986, 7)
(180, 873, 33)
(382, 874, 14)
(410, 875, 11)
(836, 876, 14)
(600, 877, 2)
(618, 878, 4)
(640, 879, 16)
(880, 936, 3)
(750, 881, 17)
(5, 882, 9)
(480, 883, 69)
(495, 884, 3)
(217, 885, 5)
(134, 886, 30)
(727, 887, 2)
(283, 888, 5)
(707, 889, 4)
(510, 890, 11)
(666, 891, 22)
(790, 892, 19)
(666, 893, 25)
(334, 894, 2)
(464, 895, 5)
(609, 896, 15)
(727, 897, 4)
(506, 898, 9)
(740, 899, 19)
(596, 900, 11)
(260, 901, 11)
(484, 902, 22)
(903, 977, 11)
(149, 904, 5)
(472, 905, 16)
(699, 906, 13)
(34, 907, 3)
(32, 908, 17)
(295, 909, 15)
(393, 910, 20)
(620, 911, 22)
(703, 912, 8)
(556, 913, 2)
(914, 924, 9)
(552, 915, 7)
(251, 916, 25)
(609, 917, 21)
(335, 918, 15)
(738, 919, 6)
(443, 920, 10)
(364, 921, 17)
(922, 928, 36)
(459, 923, 18)
(924, 999, 3)
(749, 925, 2)
(387, 926, 7)
(738, 927, 10)
(790, 928, 7)
(199, 929, 10)
(488, 930, 19)
(522, 931, 4)
(932, 956, 10)
(804, 933, 8)
(412, 934, 16)
(474, 935, 17)
(608, 936, 11)
(937, 950, 8)
(515, 938, 23)
(95, 939, 12)
(526, 940, 22)
(847, 941, 17)
(921, 942, 21)
(355, 943, 25)
(862, 944, 24)
(528, 945, 9)
(946, 969, 12)
(335, 947, 38)
(797, 948, 16)
(36, 949, 8)
(153, 950, 2)
(180, 951, 20)
(371, 952, 9)
(939, 953, 33)
(688, 954, 6)
(838, 955, 2)
(928, 956, 6)
(839, 957, 40)
(798, 958, 2)
(684, 959, 7)
(80, 960, 17)
(60, 961, 14)
(839, 962, 17)
(362, 963, 22)
(483, 964, 27)
(164, 965, 5)
(317, 966, 5)
(340, 967, 13)
(715, 968, 13)
(890, 969, 20)
(283, 970, 2)
(812, 971, 42)
(708, 972, 10)
(740, 973, 23)
(802, 974, 14)
(51, 975, 16)
(738, 976, 2)
(858, 977, 8)
(333, 978, 15)
(721, 979, 9)
(398, 980, 36)
(272, 981, 11)
(384, 982, 30)
(466, 983, 12)
(318, 984, 9)
(271, 985, 6)
(271, 986, 11)
(43, 987, 14)
(988, 995, 7)
(569, 989, 8)
(202, 990, 10)
(825, 991, 17)
(10, 992, 10)
(485, 993, 11)
(159, 994, 4)
(320, 995, 14)
(625, 996, 17)
(206, 997, 11)
(142, 998, 48)
(130, 999, 15)
