1000
0 865 248
0 580 716
0 646 559
0 570 384
0 862 990
1 41 734
1 410 687
2 899 442
2 629 292
2 453 540
2 853 542
2 538 465
2 746 558
2 317 340
3 81 356
3 130 339
3 219 853
3 655 191
4 288 233
4 309 485
4 519 700
4 237 273
4 15 612
5 371 431
5 213 248
5 856 346
5 217 158
5 617 790
5 396 430
5 108 831
5 575 620
5 351 752
6 385 348
6 161 470
6 180 853
6 854 401
6 25 648
6 731 531
6 364 270
6 463 298
7 465 516
7 999 814
7 408 258
7 473 605
7 506 637
7 781 261
8 322 229
8 67 168
8 661 656
8 966 264
8 971 988
8 780 802
9 64 552
9 256 1007
9 658 526
9 482 921
9 516 752
9 111 516
10 915 541
10 181 614
10 101 488
10 968 365
10 217 293
10 860 445
10 847 755
11 131 525
11 259 442
11 531 377
11 708 230
11 391 497
11 696 616
11 889 450
11 713 574
11 221 427
11 974 353
12 657 350
12 424 578
12 312 313
12 857 178
12 652 515
12 910 633
12 511 222
12 255 652
13 272 557
13 561 544
13 746 307
13 269 183
14 81 784
14 387 311
14 582 697
14 873 645
14 666 361
14 447 520
15 34 198
15 133 530
15 663 251
15 635 452
15 411 534
16 96 571
16 306 898
16 146 266
16 165 451
16 124 275
16 108 587
17 162 497
17 83 718
17 132 963
17 565 422
17 646 686
17 535 245
17 487 323
17 953 445
17 426 401
18 240 397
18 403 610
18 580 445
18 937 398
18 797 434
18 462 484
18 351 437
19 833 117
19 331 168
19 943 872
20 592 802
20 656 493
20 48 514
20 53 488
20 392 454
20 924 613
20 557 743
21 100 401
21 362 308
21 686 365
21 782 484
22 452 490
22 503 441
22 951 466
22 957 218
23 948 956
23 53 426
23 124 660
23 76 447
23 588 574
23 61 764
23 877 287
24 912 405
24 405 266
24 758 214
24 487 333
24 888 282
24 649 531
24 125 366
24 62 285
24 671 446
25 388 383
25 494 553
26 595 261
26 694 304
26 473 532
26 795 304
26 460 493
26 541 468
26 573 738
26 143 438
27 913 174
27 515 610
27 649 543
27 332 705
27 668 702
27 990 597
28 642 846
28 847 334
29 592 258
29 84 355
29 121 400
29 269 647
29 574 268
29 46 512
29 63 518
30 129 465
30 577 239
30 164 307
30 852 1042
30 101 515
30 293 542
30 135 306
30 808 531
30 559 317
31 404 262
31 536 400
31 972 382
32 640 348
32 548 222
32 488 618
32 428 606
32 653 615
33 544 414
33 785 392
33 917 774
33 190 520
34 835 385
34 91 123
34 460 711
34 607 568
35 784 538
35 453 989
36 304 235
36 529 475
36 402 486
36 293 279
36 182 736
36 726 501
36 86 875
36 983 429
36 552 586
36 109 716
37 449 422
37 933 309
37 678 828
37 56 170
37 681 442
37 477 728
38 832 309
38 610 878
38 886 333
38 167 795
38 93 346
38 542 728
39 549 713
39 807 618
39 424 366
39 456 586
40 721 774
40 643 607
40 629 373
40 462 601
40 815 452
41 604 944
42 945 705
42 998 583
42 937 418
42 284 63
42 316 484
42 958 175
42 751 810
42 255 368
43 65 381
43 146 708
43 196 267
43 741 416
43 326 709
44 965 392
44 437 722
44 215 132
44 681 305
44 863 327
45 385 705
45 369 430
45 771 276
45 326 707
45 506 407
45 908 717
45 397 761
45 141 629
45 238 566
46 946 183
46 835 1261
46 468 946
46 503 340
46 344 1071
46 924 890
47 897 566
47 243 313
47 916 808
47 788 555
47 519 581
47 874 315
47 844 713
48 768 516
48 992 1222
48 353 427
49 817 677
49 882 736
49 638 351
49 991 672
50 786 384
50 329 730
50 783 548
51 944 273
51 706 365
51 298 173
51 828 300
52 736 831
52 962 432
52 230 428
52 54 378
52 857 589
52 412 715
53 854 279
53 376 396
54 98 472
54 276 603
54 408 322
54 345 505
54 233 217
54 442 295
54 604 992
54 541 515
54 909 574
54 62 632
55 912 614
55 212 203
55 757 200
55 856 739
55 347 199
55 957 515
56 195 345
56 213 349
56 634 744
57 578 842
57 290 576
57 649 602
57 138 564
57 254 569
57 943 1177
58 401 360
58 227 466
58 628 591
58 453 535
58 758 851
58 520 636
58 446 766
58 686 170
59 64 634
59 405 676
59 742 729
59 329 335
59 907 215
60 945 591
60 578 352
60 856 412
60 393 434
60 907 479
60 781 326
60 399 790
60 143 579
61 161 399
61 994 926
61 727 547
61 407 553
61 684 784
61 894 767
62 752 440
62 163 271
62 682 531
62 206 164
63 327 531
63 843 427
64 576 305
64 191 653
65 145 699
65 355 628
65 275 250
65 308 684
65 621 708
65 830 147
66 322 270
66 278 385
66 312 387
66 200 361
66 988 281
66 205 396
66 303 205
67 369 416
67 194 275
67 198 600
68 387 450
68 75 420
68 988 278
68 510 501
68 526 450
69 561 336
69 611 874
69 452 386
69 693 732
69 327 468
69 620 215
69 365 889
69 974 408
70 992 323
70 897 926
70 497 218
70 322 838
70 213 202
70 117 643
70 983 379
70 807 445
70 841 394
70 123 780
70 891 728
70 524 198
70 172 849
70 669 682
71 97 664
71 753 245
71 531 338
71 933 400
71 87 470
71 393 244
71 270 663
72 371 337
72 744 230
72 217 332
72 809 554
72 558 405
72 447 647
72 767 216
73 770 368
73 286 777
74 738 505
74 310 295
74 438 495
74 361 559
74 798 313
75 806 654
75 329 421
75 844 400
75 398 675
76 854 771
76 89 577
76 729 170
76 699 689
77 530 269
77 692 770
77 228 356
77 101 344
78 180 175
78 932 271
78 342 540
78 124 225
78 559 440
79 340 557
79 950 712
79 390 588
79 839 571
79 103 397
79 568 355
79 926 428
80 418 783
80 501 424
80 248 623
80 266 246
80 827 429
80 221 465
81 608 491
81 737 1410
81 741 304
81 295 675
81 203 521
82 785 313
82 470 372
82 766 285
82 415 448
83 563 740
83 357 459
84 422 734
84 183 683
84 985 571
84 410 603
84 107 761
84 333 199
85 276 683
85 820 544
85 682 157
85 346 514
85 844 586
85 735 695
86 336 1118
86 160 596
86 315 319
86 606 316
87 387 632
87 805 711
87 506 488
88 593 212
88 529 779
88 744 641
88 314 379
88 267 208
88 812 331
88 989 509
88 734 398
89 306 613
89 341 486
89 556 284
90 752 249
90 533 368
90 347 345
90 798 223
91 592 698
91 929 377
91 212 273
91 324 513
91 677 370
91 473 870
91 637 268
92 661 608
92 229 273
92 123 608
92 924 430
92 190 219
92 782 346
93 421 543
93 870 436
93 441 729
93 523 402
94 613 257
94 303 241
94 351 688
95 642 315
95 867 535
95 167 683
95 474 827
95 876 564
95 239 448
96 944 654
96 929 467
96 327 367
96 585 575
96 876 1009
96 767 710
97 144 293
97 98 1060
97 882 685
97 966 378
97 519 334
97 973 338
98 562 807
98 947 441
98 163 711
98 342 387
98 966 620
98 313 730
98 442 1109
98 126 719
99 162 446
99 354 336
99 708 464
99 229 691
99 710 435
100 641 316
100 995 385
100 675 235
100 102 880
100 298 277
100 795 134
101 480 689
101 466 433
101 180 418
101 213 437
101 665 108
101 747 688
101 588 936
102 549 446
102 760 90
103 880 609
103 460 310
103 108 468
103 655 627
103 751 619
104 752 243
104 704 275
104 210 350
104 133 454
104 950 204
104 998 243
104 970 889
104 893 700
105 321 522
105 325 817
105 998 510
105 262 563
105 939 449
105 510 324
105 687 457
106 483 828
106 598 518
106 694 194
106 200 427
106 138 682
107 876 883
107 172 527
107 126 296
108 514 500
108 794 533
108 957 229
108 462 350
108 494 1221
109 480 663
109 865 480
109 161 504
109 321 719
109 755 243
109 538 247
109 202 480
109 828 421
110 656 576
110 433 706
110 257 703
110 549 702
110 201 333
110 703 485
111 512 502
111 550 1036
111 877 353
112 368 259
112 323 356
112 966 491
112 776 701
112 713 700
112 797 579
112 815 876
112 255 654
113 628 456
113 605 296
113 990 685
114 690 450
114 532 501
114 485 454
114 953 306
114 441 439
114 938 156
114 379 545
114 860 1175
114 127 593
114 223 538
115 537 726
116 948 427
116 164 301
116 966 222
116 683 737
116 619 948
116 591 628
116 607 514
117 307 513
117 787 553
117 484 472
117 264 693
117 476 457
117 908 547
118 514 423
118 611 395
118 374 394
118 364 511
118 990 190
119 608 620
119 310 334
119 550 580
119 538 336
119 202 615
119 814 727
120 688 351
120 898 364
120 354 530
120 916 732
120 551 558
120 205 740
120 798 561
121 787 494
121 147 346
121 713 339
121 969 432
121 588 562
121 461 381
121 158 779
121 574 520
122 354 641
122 853 486
122 885 505
122 990 623
123 514 258
123 516 558
123 676 422
123 151 546
123 297 258
123 922 448
123 651 563
123 860 581
124 896 449
124 343 252
124 378 577
124 652 714
124 350 389
125 628 300
125 199 1028
125 154 543
125 509 670
125 286 636
126 464 564
126 434 538
126 259 508
126 212 838
126 616 235
127 641 687
127 737 805
127 883 392
127 421 380
127 281 641
127 265 486
127 221 442
127 926 206
128 849 262
128 913 491
128 985 407
128 444 484
128 254 627
129 769 913
129 629 575
129 837 366
129 374 484
129 535 250
130 142 353
131 577 605
131 403 96
131 259 249
131 548 471
131 503 466
131 423 632
131 665 264
131 699 862
131 253 516
132 560 741
132 311 561
132 361 290
132 378 248
132 907 521
132 828 605
133 328 842
133 553 143
133 138 262
133 651 138
134 705 640
134 226 536
134 148 674
134 372 380
134 839 312
134 491 452
135 443 931
135 430 516
135 814 532
135 575 907
136 768 213
136 946 517
136 278 419
136 447 561
137 689 382
137 739 375
137 631 516
137 216 475
137 200 308
137 158 538
138 656 1145
138 928 233
138 560 527
138 225 511
138 883 583
138 980 682
138 708 474
139 226 437
139 278 464
139 870 808
139 700 380
139 542 314
140 865 821
140 389 544
140 806 473
140 167 562
140 172 722
140 254 180
140 543 341
141 172 579
141 382 229
142 567 898
142 590 376
143 258 809
143 294 568
143 537 534
143 601 459
144 949 881
144 582 788
144 650 627
144 411 456
144 924 809
145 385 869
145 419 707
145 707 644
145 516 497
145 309 284
145 729 253
146 821 379
146 775 545
146 874 717
146 717 212
147 581 485
147 952 407
147 648 576
147 265 520
148 291 550
148 534 208
148 329 308
148 444 364
148 940 535
148 397 471
148 495 610
149 448 834
149 648 402
149 412 605
149 237 653
149 957 419
150 832 256
150 846 489
151 752 301
151 326 474
151 459 396
151 572 576
151 174 713
152 463 245
153 308 831
153 904 671
153 539 462
153 283 714
154 800 430
154 738 596
154 658 407
154 258 180
154 521 401
154 156 298
154 365 631
154 286 429
155 370 629
155 260 213
155 277 583
155 808 256
155 203 523
155 572 627
155 701 551
155 366 564
156 341 563
156 391 375
156 270 507
156 302 626
157 449 639
157 689 594
157 497 213
157 228 284
157 985 392
157 587 410
157 348 588
157 831 377
158 310 364
158 792 1020
158 233 525
158 383 459
159 931 269
159 819 237
159 643 569
159 166 431
159 728 252
159 923 282
159 380 461
159 447 413
160 385 522
160 179 714
160 669 636
160 335 656
161 353 605
161 812 286
162 372 361
162 293 478
162 887 457
162 535 626
162 265 480
162 218 449
162 524 319
162 269 672
162 749 369
163 272 178
163 528 678
163 760 403
163 428 582
164 512 462
164 676 501
164 501 559
164 296 338
164 362 805
164 317 402
165 820 235
165 837 634
165 968 999
165 986 631
166 946 378
166 902 196
166 198 338
166 458 668
166 237 638
166 606 542
166 607 895
167 770 328
167 626 532
167 819 507
167 773 273
167 393 1030
167 777 839
167 207 634
168 870 623
168 360 410
168 840 603
168 281 287
168 362 512
168 987 496
168 619 1326
168 652 542
168 188 772
168 862 536
168 959 1019
168 735 223
169 720 217
169 578 405
169 290 298
169 882 575
169 724 385
169 408 849
169 796 654
169 846 614
170 974 403
170 926 609
171 192 394
171 530 736
171 662 281
171 470 670
171 983 478
171 921 202
171 395 267
171 862 646
172 230 730
172 686 306
172 878 691
172 590 573
172 223 228
173 378 503
173 988 1008
174 448 384
174 355 152
174 515 323
174 614 986
174 891 771
175 516 435
175 199 498
175 571 251
175 925 339
175 733 767
175 671 287
175 735 405
176 464 495
176 276 410
176 695 484
176 296 650
176 186 423
176 749 370
177 914 647
177 423 336
177 967 676
177 554 748
177 715 529
177 364 296
178 313 681
178 269 694
178 479 221
179 449 749
179 402 1217
179 980 584
180 225 383
180 770 463
180 583 382
180 234 228
180 622 996
181 311 564
181 762 313
182 720 812
182 466 500
182 955 394
183 952 416
183 776 696
183 716 287
183 732 357
183 223 386
184 529 751
184 451 234
184 659 376
184 392 256
184 282 581
184 346 475
184 431 877
185 340 291
185 389 645
185 535 363
185 395 191
185 607 227
186 835 345
186 680 846
186 924 443
186 430 657
187 993 435
187 533 407
187 872 288
187 426 449
187 572 1681
187 956 669
188 224 319
188 546 332
188 981 570
188 220 173
188 830 370
188 399 321
189 470 531
189 536 316
189 424 142
189 713 532
190 464 515
190 370 172
190 697 322
190 282 848
190 443 496
191 256 458
191 547 639
191 807 664
191 490 620
191 698 560
191 347 629
191 734 551
192 737 246
192 659 986
192 517 872
193 512 419
193 227 448
193 499 866
193 838 541
193 713 567
193 777 288
193 495 567
194 294 135
195 305 276
195 961 483
195 514 849
195 294 1089
195 489 478
195 554 337
195 926 311
196 912 770
196 356 306
196 249 447
197 929 982
197 387 712
197 867 336
197 568 348
197 600 811
197 200 535
197 440 411
198 773 905
198 568 683
198 683 615
199 290 418
199 595 935
199 772 659
199 678 303
199 329 576
199 716 710
199 301 380
199 351 349
200 948 561
200 489 582
200 940 447
200 718 254
200 638 440
201 868 188
201 844 620
201 908 670
202 305 599
202 228 531
202 292 482
202 507 412
202 557 663
202 926 515
202 703 882
203 449 206
203 598 384
203 982 634
203 714 576
203 316 398
203 607 645
204 864 189
205 976 122
205 608 403
205 821 634
205 790 388
205 474 533
205 299 352
206 865 630
206 307 272
206 643 294
207 757 162
207 295 674
207 328 530
207 426 329
207 238 472
207 910 544
208 656 229
208 401 469
208 739 114
208 838 265
208 839 233
208 521 521
208 427 611
208 894 542
208 286 203
209 884 422
209 406 1026
209 313 540
209 796 554
209 589 346
210 577 572
210 532 136
210 533 630
210 392 285
210 557 644
210 623 365
210 447 1285
211 867 1055
211 774 684
211 269 270
212 962 511
212 580 853
212 665 294
212 428 145
212 926 324
212 271 434
213 341 524
213 358 375
213 327 666
213 250 608
213 527 1402
214 608 488
214 658 987
214 405 271
214 679 588
214 777 532
214 398 143
215 974 327
216 832 599
216 545 698
216 674 600
216 633 702
217 384 548
217 325 415
217 261 1109
217 383 430
218 432 453
218 357 386
218 809 130
218 890 617
218 846 197
219 481 701
220 690 521
220 685 349
220 701 317
221 647 702
222 499 168
222 484 470
222 789 609
222 470 220
222 953 442
222 895 733
223 275 852
223 324 299
224 816 554
224 609 533
224 892 499
224 844 246
224 717 854
224 639 668
225 880 518
225 833 729
225 819 413
225 325 977
225 341 796
225 987 438
226 688 318
226 469 560
226 696 1144
227 819 494
227 805 490
227 698 332
227 523 663
227 349 538
228 996 550
228 582 713
228 633 331
229 418 139
229 327 320
229 713 739
229 444 528
229 428 542
229 445 437
229 254 915
230 704 686
230 978 229
230 834 564
230 473 505
230 605 812
230 638 318
230 382 711
230 271 363
231 896 257
232 711 399
233 897 351
233 693 552
233 871 627
234 998 595
234 715 328
234 587 235
234 398 195
234 975 561
234 575 559
235 784 599
235 419 349
235 277 383
235 842 172
235 862 1043
235 638 214
236 750 375
237 448 411
237 865 565
237 935 471
237 604 418
237 718 387
238 401 331
238 562 873
238 467 762
238 534 300
238 966 748
238 712 501
238 586 496
238 796 343
238 669 875
239 864 601
239 673 367
239 529 294
239 884 252
239 325 759
239 902 378
239 907 585
239 733 65
240 417 471
240 356 616
240 996 341
240 872 503
240 730 394
241 821 788
241 454 294
241 343 635
241 967 905
241 428 779
242 343 478
242 375 199
242 940 235
243 931 328
243 597 933
243 650 453
243 892 347
243 510 661
243 990 253
243 639 495
244 944 884
244 818 456
244 421 587
244 517 459
244 478 152
245 977 274
245 705 773
245 370 1046
245 467 222
245 246 459
245 873 893
245 975 905
246 362 571
246 381 265
246 911 208
247 801 136
247 788 311
247 887 810
247 858 547
248 305 388
248 755 187
248 531 781
248 518 703
248 270 584
248 606 404
249 756 548
249 887 494
249 780 466
249 271 505
250 403 523
250 264 613
250 893 774
250 430 634
251 529 476
251 358 159
252 368 432
252 274 222
252 514 334
252 724 193
252 470 432
252 585 679
252 654 467
253 722 450
253 283 492
253 332 348
253 799 238
254 786 505
254 789 355
254 473 669
254 842 369
255 802 556
255 483 937
255 343 750
255 439 541
255 380 727
255 941 1092
256 657 212
256 610 590
256 919 666
256 858 537
256 763 314
256 461 303
256 846 406
257 275 380
257 660 528
257 343 327
257 329 167
257 683 393
257 427 938
257 556 730
257 654 598
258 976 241
258 737 476
258 915 522
258 904 463
258 671 578
259 672 370
259 482 547
259 402 497
259 828 502
259 684 574
260 502 391
260 999 549
260 793 255
260 522 502
261 977 673
261 310 380
261 631 563
261 663 418
261 282 410
261 588 461
261 975 518
261 895 339
262 832 315
262 769 397
262 342 592
262 822 502
262 267 316
262 621 389
262 509 722
262 781 1195
262 991 861
263 481 253
264 344 282
264 329 996
264 845 423
265 901 635
265 613 95
265 427 470
266 770 261
266 886 492
266 327 737
266 650 708
266 843 124
266 283 654
267 850 1232
267 884 722
267 318 362
268 270 449
269 560 933
269 676 264
269 669 460
270 818 201
270 932 688
270 503 243
270 664 379
270 281 314
270 489 562
270 409 295
270 495 770
271 386 467
271 835 363
271 389 587
271 918 520
271 343 674
271 826 291
271 478 574
272 672 150
272 945 346
272 433 404
272 353 454
272 567 588
272 871 323
273 325 406
273 652 891
274 354 721
274 838 235
274 602 311
274 477 335
274 877 259
274 701 347
274 431 775
275 348 436
275 830 277
275 734 508
276 577 138
276 803 675
276 569 308
276 670 566
276 367 364
276 463 217
277 470 405
277 601 276
277 491 791
277 717 270
277 607 260
278 451 459
278 955 615
278 895 407
278 639 693
279 707 739
279 970 510
279 637 820
279 735 512
280 835 554
280 314 338
281 626 522
281 502 583
281 807 222
281 344 951
281 616 182
281 476 633
281 669 256
282 356 411
282 663 520
282 767 274
283 768 492
283 626 593
283 979 699
283 454 495
283 518 516
283 828 347
283 876 931
283 733 525
284 596 467
284 855 604
284 570 278
284 395 1172
284 573 274
285 860 994
286 592 433
286 841 446
286 763 374
287 736 909
287 627 605
287 787 666
287 437 529
287 538 780
288 787 350
288 710 534
288 985 537
288 558 864
289 514 493
289 980 461
289 877 605
290 786 752
290 631 697
291 485 394
291 853 1025
291 678 579
292 884 525
292 604 371
292 430 704
292 559 380
292 767 226
293 659 856
293 901 288
293 582 431
293 825 438
293 302 319
294 568 414
294 877 319
294 638 680
294 975 294
295 549 357
295 679 383
295 777 274
295 811 313
295 669 284
296 800 314
296 789 873
296 952 459
296 570 537
296 942 357
297 944 478
297 978 304
297 341 367
297 731 305
297 526 447
297 447 256
298 851 491
298 698 675
298 555 546
299 560 861
299 818 698
299 515 346
299 918 255
299 374 694
299 646 454
299 459 739
299 847 424
300 637 691
300 510 642
300 894 326
301 416 287
301 371 400
301 357 854
301 344 413
301 749 249
301 606 1254
302 681 568
302 540 263
302 638 167
303 818 709
303 422 679
303 646 273
303 969 516
303 826 645
304 421 498
304 476 409
304 493 539
305 674 226
305 743 1516
305 409 399
305 810 415
305 571 402
305 685 546
306 725 482
306 454 135
306 327 344
306 521 731
306 730 170
306 348 262
306 380 503
306 557 157
306 798 409
307 593 534
307 754 242
307 325 246
307 389 525
307 710 623
307 334 545
307 606 791
308 496 445
308 834 500
308 686 344
309 417 386
309 821 284
309 631 659
309 505 299
309 687 530
309 991 1352
310 793 331
310 379 291
310 781 602
311 512 239
311 754 222
311 596 561
311 708 476
311 358 492
311 602 642
311 507 392
311 748 609
311 572 203
311 478 720
311 767 281
312 694 395
312 775 487
312 653 380
312 893 486
312 589 848
312 815 456
313 807 1100
313 873 759
313 652 340
313 716 337
314 920 538
314 392 814
314 521 257
315 899 518
315 499 534
315 630 426
316 848 1100
316 454 479
316 374 399
316 862 648
317 400 302
317 658 723
317 728 583
317 841 525
317 652 500
318 866 209
318 648 529
319 339 422
319 825 520
320 585 786
321 832 461
321 960 464
321 902 467
321 815 347
322 724 230
322 470 484
323 451 217
323 324 473
323 552 696
324 384 268
324 692 497
324 550 838
324 682 610
326 388 831
326 692 869
326 550 443
326 888 576
326 952 587
326 459 556
327 979 519
327 502 422
327 462 354
327 799 898
328 530 440
328 563 624
328 595 775
328 533 769
328 933 434
328 789 722
328 889 323
328 987 566
328 347 481
329 544 371
329 452 885
329 520 521
329 458 174
329 683 900
329 493 224
329 877 542
329 958 244
329 606 451
330 784 685
330 595 806
330 534 677
330 664 290
330 904 360
330 826 208
330 955 528
331 577 697
331 354 530
331 627 351
332 537 323
332 953 552
332 622 584
332 527 447
332 911 607
333 731 585
334 797 1168
335 800 153
335 927 513
336 743 629
336 379 106
336 429 212
336 415 210
337 563 553
337 901 209
337 636 1565
338 499 559
338 504 508
339 419 304
339 903 974
340 978 697
340 364 468
341 386 623
341 708 440
341 440 392
342 753 681
342 836 1090
342 440 380
342 682 658
342 715 439
342 363 258
342 958 294
342 351 463
343 423 687
343 398 330
343 655 648
344 547 378
344 874 479
344 731 1214
344 765 540
344 973 459
344 430 860
345 753 874
345 353 835
345 615 516
345 393 506
345 894 267
346 384 389
346 767 240
347 752 1235
347 497 448
347 451 512
347 483 340
347 484 400
347 982 170
347 519 307
348 368 421
348 848 548
348 419 565
348 483 548
348 851 676
348 420 628
348 679 311
348 728 466
348 376 335
348 633 547
348 570 268
348 382 466
348 591 623
348 639 675
349 932 470
349 792 217
349 443 330
350 901 627
350 647 418
350 394 659
350 426 789
351 865 424
351 883 656
351 489 469
351 826 327
352 880 458
352 465 722
352 962 328
352 756 229
352 382 831
353 708 538
353 598 539
353 841 215
353 665 318
353 685 930
353 925 316
354 643 405
354 997 339
354 888 528
354 956 363
354 764 514
354 493 519
354 654 559
354 527 888
355 595 625
355 808 474
355 569 847
355 633 742
355 506 260
356 900 264
356 971 818
356 492 367
358 401 534
358 450 563
358 821 511
358 969 437
358 604 366
359 819 177
359 488 418
359 492 692
359 750 588
360 721 285
360 597 763
360 839 829
360 508 681
361 963 463
361 630 707
362 529 118
362 626 365
362 664 653
362 667 750
362 685 748
362 367 322
363 993 296
363 487 385
363 967 358
363 815 872
364 960 388
364 578 963
365 625 451
365 673 673
365 658 737
365 821 743
365 677 274
365 886 530
365 956 217
366 754 395
366 599 200
366 968 322
366 616 642
366 571 479
367 992 610
367 668 328
367 622 385
368 672 774
368 690 489
368 563 283
368 851 742
369 661 586
369 598 213
369 620 814
369 526 287
369 543 272
370 952 339
370 857 803
370 795 281
370 413 491
370 687 445
371 434 581
371 666 452
371 874 493
371 522 421
371 799 590
372 403 321
372 707 315
372 986 295
372 508 479
372 445 323
373 932 1236
373 790 277
373 614 92
373 937 839
373 813 351
373 814 445
374 384 703
374 432 280
374 802 476
374 437 974
374 439 115
374 504 380
374 521 668
374 617 228
374 380 406
374 461 600
374 975 499
375 464 853
376 906 421
376 491 638
376 699 402
377 514 410
377 535 240
377 394 402
378 483 374
378 767 275
379 736 175
379 449 278
379 962 891
379 884 303
379 806 561
379 761 554
380 812 378
380 653 319
380 733 464
380 414 819
381 815 551
382 928 1040
382 626 161
382 629 820
382 886 626
382 796 569
383 917 288
383 933 497
383 828 279
384 967 449
384 490 905
385 650 495
385 906 392
385 637 461
386 817 576
386 772 356
386 468 283
387 951 291
388 930 447
388 947 676
388 663 741
388 953 385
388 543 452
389 966 742
389 854 505
389 397 534
389 879 480
390 672 748
390 393 534
390 652 854
390 942 609
391 457 410
391 859 268
391 523 318
392 803 359
392 830 488
393 536 522
394 736 642
394 883 398
394 597 930
394 422 241
394 441 484
394 459 278
394 463 938
396 848 198
396 839 474
396 847 331
396 703 433
397 432 180
398 453 750
398 454 1036
398 425 410
398 429 353
399 435 641
399 886 444
399 777 377
400 931 757
401 464 323
401 580 451
401 757 351
401 426 632
401 987 838
401 494 210
402 515 668
402 920 486
403 979 244
403 654 294
405 433 606
405 818 230
405 925 295
406 514 311
406 426 583
406 764 725
407 432 272
408 896 584
408 672 605
408 758 162
408 553 318
408 943 620
409 498 465
409 454 461
409 696 456
410 643 441
410 485 581
410 517 719
410 634 712
410 826 588
410 571 629
411 721 260
411 746 718
411 828 323
411 894 1010
412 801 728
412 493 207
413 518 316
413 696 518
413 670 734
413 815 228
414 656 703
414 480 368
414 801 573
414 998 566
414 679 1206
414 475 1014
415 417 208
415 865 148
415 547 680
415 839 1016
415 810 463
416 551 330
416 478 343
416 735 482
417 903 303
417 777 642
417 555 844
417 748 670
417 431 219
418 553 942
418 474 651
418 891 258
418 941 667
418 735 603
419 866 1117
419 530 220
419 812 983
420 800 472
420 672 305
420 861 486
421 918 441
421 761 239
421 623 563
422 982 266
422 647 1174
422 525 356
423 801 701
423 436 336
423 671 402
424 819 495
424 467 794
424 773 618
424 839 653
424 776 591
424 795 731
424 543 295
425 498 324
425 535 802
425 696 616
425 922 459
426 481 560
426 898 439
426 860 222
426 844 481
426 541 755
426 926 419
428 898 522
428 629 573
429 505 581
429 521 381
429 906 396
429 879 439
430 738 665
430 548 518
430 647 817
430 472 1148
430 735 496
431 835 521
431 600 538
432 820 342
432 506 730
432 734 832
433 756 586
433 469 634
433 780 602
433 988 364
433 782 438
433 783 1182
434 481 992
434 482 305
434 867 121
434 820 701
434 727 286
434 652 539
434 796 484
435 694 526
435 471 700
435 905 131
435 619 361
436 466 377
436 612 432
436 632 318
436 857 1212
436 844 281
436 700 623
437 721 368
437 707 261
437 646 98
437 701 295
438 544 512
438 474 487
438 683 535
439 882 348
439 859 199
439 508 693
439 588 619
439 446 716
440 530 768
440 941 320
441 946 249
441 981 121
441 730 583
441 523 308
441 621 203
441 781 331
442 881 662
442 954 135
442 874 531
443 848 214
443 753 681
443 805 1017
443 453 983
443 853 257
443 956 761
444 803 466
444 985 440
444 634 263
444 842 156
444 974 417
445 773 349
445 925 672
445 765 228
446 803 394
446 517 435
446 855 580
446 458 324
447 817 312
447 584 150
447 764 786
447 669 140
447 878 476
449 738 263
449 503 552
449 538 364
450 642 178
450 596 77
450 968 325
450 990 660
451 613 731
451 853 735
451 844 474
451 527 523
452 740 352
452 996 540
452 494 439
453 650 424
454 933 242
454 792 333
455 886 286
455 605 218
455 958 562
456 819 808
456 836 331
456 712 691
457 982 452
457 526 431
458 689 202
458 761 185
459 633 803
460 674 212
460 503 827
460 542 565
461 865 584
462 576 204
462 969 337
463 865 267
463 867 347
463 663 520
463 856 451
463 843 398
464 625 567
465 854 450
465 520 376
465 923 342
466 754 668
467 975 207
467 575 367
468 786 525
468 772 535
468 598 531
469 529 459
469 904 510
470 646 349
470 519 386
471 631 501
472 625 397
472 937 295
472 617 559
472 492 665
472 655 671
473 521 867
473 618 220
474 572 290
474 829 278
474 781 230
475 528 673
475 963 978
475 709 547
475 792 452
476 994 300
476 498 220
476 541 470
476 781 241
477 688 726
477 648 559
477 699 487
477 878 780
478 979 253
478 835 370
478 632 233
478 634 329
479 513 524
479 738 387
479 869 223
479 503 415
479 762 442
479 635 1046
479 619 474
480 626 305
480 532 605
480 686 515
480 494 293
481 754 368
481 630 320
481 694 563
481 680 519
481 697 338
481 557 400
483 640 274
483 953 502
483 506 387
484 752 191
484 816 434
484 916 318
484 997 182
484 985 331
484 649 938
485 692 239
485 663 940
485 714 272
485 571 342
486 610 984
486 549 154
486 857 405
486 841 482
487 720 176
487 726 442
487 905 437
487 907 432
488 978 403
488 627 194
488 549 363
488 734 1254
489 983 594
490 676 737
490 953 743
490 810 458
491 868 719
491 967 444
491 666 527
492 705 170
492 650 438
492 735 504
493 969 461
494 504 137
495 752 305
495 528 842
495 531 1033
495 650 148
496 580 528
496 820 134
496 585 656
496 617 236
496 828 405
496 701 418
497 918 626
497 699 214
498 784 237
498 887 911
498 680 460
498 877 349
499 941 831
499 830 490
499 543 347
500 519 296
501 596 557
501 885 684
501 764 625
501 957 441
503 963 801
503 922 325
503 826 425
503 539 153
503 748 354
504 608 656
504 866 1126
504 876 381
504 830 537
505 529 760
505 678 323
505 984 328
507 849 531
507 770 1581
507 789 305
507 809 949
507 523 512
507 653 448
508 515 429
508 933 504
509 675 310
510 848 611
510 880 146
510 594 546
510 626 604
510 932 442
510 762 404
510 813 1001
510 622 681
510 831 779
511 980 378
511 932 243
512 833 442
512 883 408
512 968 269
513 800 353
514 690 300
514 566 511
514 987 539
514 575 581
514 959 466
515 756 698
515 612 636
515 902 396
516 882 247
516 915 306
516 589 706
517 768 660
517 996 560
518 944 360
518 982 582
518 678 843
518 696 420
518 655 817
519 946 696
519 626 468
520 886 304
520 910 391
521 594 566
521 719 313
522 851 420
522 756 479
522 780 423
522 671 244
522 527 385
523 548 599
524 578 378
524 669 499
525 848 443
526 913 202
526 675 265
526 531 311
526 719 594
527 800 686
527 960 565
527 599 496
527 841 353
527 959 482
528 566 490
528 619 362
528 542 342
530 726 527
530 652 466
531 948 417
531 922 725
531 683 263
532 865 556
532 546 829
532 708 1561
533 562 795
533 627 353
533 559 587
534 737 305
534 564 668
535 836 726
535 968 421
535 589 459
536 737 490
536 708 484
536 664 482
536 794 582
537 792 587
538 833 637
538 875 569
538 751 294
539 800 342
539 902 564
539 841 582
539 780 843
539 575 459
540 625 598
540 718 316
540 543 726
541 855 379
541 988 400
542 706 812
542 676 633
542 949 456
543 834 720
545 945 575
545 663 487
545 857 751
545 793 1016
545 826 285
545 779 503
546 768 622
546 881 418
546 821 488
546 694 650
546 937 420
546 907 578
546 574 456
547 711 245
547 585 840
547 876 950
548 721 343
548 664 385
548 607 438
549 704 226
549 963 363
550 819 230
550 694 834
550 715 528
551 745 439
551 605 169
552 756 538
552 647 468
552 831 334
553 978 245
554 646 358
554 696 293
555 897 518
555 600 678
555 972 340
556 658 412
556 661 577
556 774 437
556 602 457
557 691 342
557 856 354
557 729 1068
557 620 361
557 783 384
558 854 291
558 888 799
558 908 408
559 616 264
560 833 65
560 809 709
560 924 771
560 783 507
561 960 746
561 786 625
561 611 644
561 868 524
561 693 185
562 771 391
562 826 670
562 779 301
562 926 703
563 585 368
563 571 406
563 718 851
564 689 276
564 645 365
565 635 316
565 860 453
565 783 417
566 604 249
566 990 498
567 795 724
567 572 712
567 607 494
569 876 731
569 958 662
570 647 495
571 657 506
571 898 486
571 614 429
571 856 519
571 574 283
572 642 70
572 808 312
572 830 359
572 782 366
572 942 664
573 801 899
573 764 372
574 963 532
574 883 300
574 875 430
575 608 499
575 786 792
575 659 334
575 614 295
576 816 405
576 854 699
577 872 432
577 908 349
577 637 215
578 743 643
578 648 573
579 720 335
579 993 500
579 719 225
580 982 804
580 680 302
580 943 517
581 928 540
581 609 423
581 808 702
581 620 301
582 912 353
582 771 579
583 695 482
583 856 405
584 822 253
584 775 261
584 780 623
586 626 248
586 856 188
587 595 256
587 662 672
587 924 472
587 974 238
588 903 299
588 764 1000
589 752 111
589 657 375
590 592 563
590 891 775
591 929 332
591 819 673
591 821 534
591 924 499
592 621 910
592 638 792
593 741 639
594 745 579
594 891 801
595 768 231
595 962 592
595 963 495
595 628 589
595 827 800
595 621 268
596 852 732
596 652 506
597 877 395
598 827 665
599 850 416
599 794 137
600 937 548
600 828 238
600 943 655
601 949 385
601 997 568
601 941 296
602 704 625
603 706 407
603 645 405
604 788 313
604 955 352
604 990 454
605 866 651
605 694 353
605 905 419
605 924 535
606 738 948
606 860 166
606 796 439
606 685 566
607 972 318
608 739 590
609 912 391
609 713 237
609 939 802
610 674 589
610 981 352
611 885 534
611 857 479
613 917 525
613 619 218
613 956 370
613 780 215
614 754 621
614 850 175
615 858 385
615 703 887
616 889 498
616 831 263
617 913 313
617 787 309
617 837 439
617 730 550
618 640 344
618 974 435
619 784 429
619 913 260
619 946 519
619 953 481
619 733 690
619 941 411
619 654 421
620 634 715
620 763 389
621 931 480
622 923 422
623 723 866
623 903 532
623 843 269
624 808 902
624 905 572
625 826 337
625 844 812
626 643 1397
626 664 263
627 934 244
627 646 202
627 985 500
628 865 834
628 876 280
629 968 352
629 780 575
630 736 450
630 785 742
631 813 355
633 912 538
633 758 748
633 968 346
633 665 951
634 819 364
634 950 230
634 806 166
634 951 426
634 793 327
635 681 757
635 927 634
636 882 551
637 916 421
637 676 703
637 869 268
637 797 226
638 817 734
638 705 198
638 712 178
638 685 674
640 929 396
640 883 154
640 676 751
640 701 534
641 676 410
641 983 284
642 948 392
642 827 181
642 781 890
643 856 289
644 718 500
645 755 488
645 995 240
647 689 477
647 932 375
647 708 405
647 680 265
648 935 488
648 874 326
648 684 383
649 832 528
649 915 473
649 991 889
650 890 484
650 906 492
650 715 540
650 955 139
650 654 323
651 864 312
651 851 942
651 740 341
651 933 1171
651 765 410
652 678 337
652 893 1019
654 660 766
654 820 324
654 775 367
654 952 425
654 879 471
655 930 342
655 818 299
655 711 420
655 999 864
655 810 514
656 839 477
659 823 190
659 812 403
660 851 971
660 696 316
661 680 367
662 802 245
662 820 361
662 911 752
663 899 779
665 749 398
666 818 387
666 958 332
667 770 402
668 944 605
668 762 493
668 924 530
668 942 389
669 866 636
670 696 601
671 832 697
671 808 793
671 858 597
671 940 753
673 986 537
674 769 560
674 773 327
674 789 558
674 953 951
674 699 116
676 800 240
676 787 743
677 998 266
679 910 145
680 697 423
680 733 609
681 900 606
681 888 228
681 875 493
681 975 295
682 929 485
682 692 796
682 987 208
683 717 258
684 872 508
684 959 479
685 718 393
686 797 518
687 753 539
687 965 1008
689 777 107
691 775 541
692 736 813
692 821 560
692 886 509
692 839 387
692 984 330
693 912 693
693 956 471
695 720 381
695 901 395
696 988 462
696 796 344
696 829 629
697 945 527
697 801 240
697 831 349
698 741 263
698 955 250
699 809 335
699 702 819
700 825 327
701 915 314
701 839 187
701 735 970
702 896 297
702 705 800
702 876 664
703 972 418
704 801 834
705 775 279
706 987 315
708 719 355
709 844 571
709 943 546
710 905 556
710 798 667
710 846 564
711 907 633
712 979 518
714 818 881
714 792 374
714 876 561
714 861 1139
715 743 403
716 722 651
716 966 511
716 842 503
719 759 1355
720 966 362
721 876 887
722 771 536
722 772 852
722 836 453
723 724 458
723 870 285
723 728 861
723 831 266
724 839 904
724 830 713
725 740 597
726 850 362
726 796 229
728 933 279
729 947 571
730 994 831
730 810 446
730 843 419
731 801 184
732 745 260
733 998 490
733 778 592
733 796 454
738 796 153
739 896 646
739 936 974
739 921 518
739 874 222
739 907 1003
740 904 143
740 749 362
741 776 546
742 888 502
744 870 314
744 775 708
748 898 388
748 931 358
748 879 723
750 769 402
750 793 754
751 985 526
751 940 413
751 975 899
752 989 697
755 882 735
755 856 419
755 990 717
756 786 154
756 766 291
757 992 547
760 945 714
760 829 296
761 966 780
763 930 471
763 859 605
764 882 370
766 960 406
766 795 619
767 933 405
767 809 384
767 778 588
767 923 349
767 813 598
768 960 550
770 887 406
771 885 698
772 785 880
772 889 322
772 942 532
773 864 425
773 913 370
773 868 718
773 918 244
774 852 482
774 879 217
775 969 675
776 995 364
777 891 349
778 828 654
779 914 196
781 806 152
781 999 403
781 831 372
782 871 345
782 907 341
783 897 488
784 809 338
785 873 558
786 859 850
786 941 159
790 957 668
791 946 662
792 990 637
793 912 358
793 866 277
793 979 725
793 931 581
793 852 828
794 997 409
795 998 371
795 824 382
795 957 604
796 897 410
796 867 471
796 805 764
796 918 311
797 854 1177
797 925 231
799 966 559
800 904 702
801 962 543
801 918 617
802 818 880
802 813 1146
803 806 698
804 902 399
805 842 634
806 935 277
807 898 384
810 895 779
812 920 359
814 822 449
816 969 643
816 845 278
817 959 672
818 994 710
819 868 526
819 878 654
820 880 304
821 861 377
822 825 563
823 897 686
824 962 741
825 874 1063
827 838 381
827 873 435
827 937 338
829 963 272
830 839 514
830 910 610
831 902 614
832 997 482
833 837 571
838 904 838
838 907 345
839 874 260
841 849 423
841 875 961
843 886 181
843 921 619
844 935 1026
844 956 467
846 946 611
846 990 640
847 881 407
850 967 223
850 954 654
851 949 618
852 906 465
853 981 205
853 989 531
855 873 1027
856 903 286
858 997 1431
862 978 681
863 951 228
863 891 253
864 887 399
865 972 472
866 981 356
866 869 725
866 911 140
867 913 877
869 890 919
870 992 454
871 900 711
873 943 235
876 900 592
876 888 254
876 926 558
877 894 442
881 897 429
881 933 302
882 945 752
884 891 1305
884 955 898
889 932 323
889 975 176
890 910 818
893 951 986
894 933 688
896 906 299
897 995 612
897 916 334
897 943 227
899 936 264
904 978 477
904 954 194
905 962 317
906 956 429
910 986 121
911 960 709
911 956 424
914 978 297
916 985 655
916 987 434
917 992 804
919 985 478
922 969 296
924 930 436
924 998 638
924 999 853
927 968 273
929 966 575
931 981 1364
931 970 529
937 990 696
941 978 248
943 980 768
945 946 313
945 995 395
948 994 819
949 964 376
957 969 318
974 977 375
980 998 300
