1000
0 146 115
0 443 10
0 110 148
1 627 92
1 974 58
1 767 99
2 625 180
2 731 133
2 526 11
3 210 71
3 136 119
3 46 169
4 288 58
4 870 96
4 77 156
5 22 4
5 279 61
6 126 205
7 361 174
8 272 77
8 738 136
8 89 6
9 608 41
9 861 168
9 94 103
10 980 228
10 661 125
10 571 108
10 495 98
11 165 122
11 987 121
11 860 49
11 382 225
12 568 258
12 668 6
13 731 29
14 205 26
15 811 7
15 367 4
15 79 57
16 408 117
17 376 54
18 179 205
18 421 468
19 364 25
20 548 27
21 190 17
23 187 5
23 907 85
24 143 174
25 626 227
25 170 17
26 960 5
26 689 354
26 826 6
27 418 343
27 67 270
28 561 104
28 925 334
29 802 135
29 595 184
30 675 276
31 630 193
31 475 60
32 305 18
33 740 103
33 92 71
34 243 125
34 933 96
34 792 238
35 737 17
35 702 150
36 908 195
37 801 334
37 761 95
37 538 38
37 861 296
38 887 27
38 124 11
39 98 24
39 308 18
39 567 20
40 770 4
41 246 204
42 628 39
43 507 202
44 309 13
45 685 228
46 121 187
46 345 25
46 415 54
47 216 76
48 424 161
48 319 126
49 920 50
50 979 295
50 360 42
51 903 59
52 674 64
52 715 63
53 83 4
53 799 146
54 473 140
55 557 57
56 259 596
56 212 193
56 152 40
56 859 320
56 254 45
57 474 101
58 438 404
58 571 42
59 202 21
59 826 187
59 445 21
60 65 114
60 852 43
60 583 108
61 379 110
62 595 23
62 359 255
62 682 223
62 718 64
63 551 2
63 235 149
64 326 99
64 568 168
66 881 90
66 629 86
66 409 244
68 877 3
69 117 69
69 526 2
70 833 159
70 937 23
71 312 5
71 395 152
72 346 8
72 618 11
72 956 111
72 350 64
73 928 165
73 306 56
73 786 208
73 547 7
73 78 92
74 999 106
75 903 347
75 957 18
76 171 87
78 890 201
79 696 56
80 597 126
81 194 190
81 996 213
81 104 151
82 816 16
83 469 128
83 231 49
84 719 40
85 729 74
85 702 142
86 626 129
86 963 59
87 181 18
87 795 82
87 541 119
87 606 132
88 529 119
90 884 38
90 457 83
90 827 61
91 96 135
92 749 83
93 476 422
93 206 20
94 181 52
94 847 232
95 896 83
95 418 252
95 205 58
96 306 82
97 568 152
98 394 130
99 439 138
100 425 500
101 416 165
101 988 39
102 320 195
102 641 92
102 539 158
103 518 131
103 506 119
104 686 19
105 230 171
106 566 100
106 941 158
107 978 28
107 220 140
108 790 9
108 871 7
108 935 13
108 600 109
108 232 57
109 513 8
109 883 150
110 565 93
110 645 23
110 455 141
111 684 152
111 508 7
112 256 53
113 947 36
113 827 48
114 289 144
114 614 107
114 379 157
115 736 140
115 521 83
116 996 133
116 398 30
117 822 83
117 839 3
117 222 3
118 825 26
119 677 94
119 183 157
119 215 65
120 421 121
120 175 60
121 455 105
121 759 59
121 697 118
121 846 107
122 692 3
122 680 30
122 328 19
123 240 203
123 388 81
123 187 41
124 704 123
124 227 30
124 618 402
125 422 207
125 328 33
125 186 60
126 782 185
126 719 122
127 423 153
127 153 85
127 651 144
128 214 19
128 664 93
129 389 252
129 669 117
130 452 56
131 448 15
132 333 25
133 407 144
133 392 71
134 208 51
135 742 97
136 777 40
137 451 56
137 619 169
137 255 53
138 883 228
139 275 159
139 733 105
140 337 147
140 755 218
140 856 125
141 826 100
141 910 37
142 764 22
143 721 140
143 411 19
144 448 49
144 596 8
144 362 132
145 340 48
147 657 87
147 482 36
147 900 158
147 791 35
147 825 92
147 734 66
148 613 122
148 175 75
149 606 57
150 286 10
151 402 136
151 253 4
152 404 72
154 942 92
155 312 135
156 261 85
156 584 49
156 859 268
157 864 127
157 455 102
158 547 14
158 488 44
158 602 13
159 233 147
159 510 41
160 768 197
161 208 68
161 449 191
162 434 85
162 762 37
163 644 136
163 506 101
164 676 39
165 610 358
165 818 112
165 341 4
165 838 60
166 716 131
167 317 68
168 453 223
169 825 165
170 855 13
170 319 242
171 338 19
172 288 34
173 308 35
173 934 65
173 234 236
174 246 92
174 902 161
174 374 112
174 887 95
175 448 12
176 720 60
176 370 72
176 821 24
176 638 220
177 369 27
177 435 63
178 211 19
178 632 12
178 253 26
180 403 44
180 438 184
180 954 52
182 876 87
183 235 128
184 280 175
184 473 44
184 221 110
184 238 199
185 303 155
187 950 41
187 637 62
188 338 98
188 959 334
189 440 11
190 770 190
191 822 182
192 770 157
192 396 141
193 721 324
195 304 16
195 467 310
196 530 90
196 973 138
197 704 60
197 912 5
197 517 35
198 456 18
199 381 29
200 635 57
201 939 257
202 752 144
203 742 19
204 610 26
204 361 92
204 442 63
205 733 66
206 833 98
207 348 77
207 990 49
209 830 115
210 889 178
210 794 137
211 858 220
213 281 225
213 988 50
214 612 169
215 666 63
216 594 9
216 516 61
216 581 68
216 526 328
217 595 97
217 765 242
218 822 279
218 489 403
219 288 53
220 389 15
223 716 120
223 767 20
224 464 74
225 806 273
225 300 63
226 424 330
227 896 156
228 314 117
228 590 132
229 978 58
229 533 13
230 244 8
231 513 129
232 321 11
235 534 18
236 401 3
237 291 78
237 773 37
238 544 5
239 745 61
239 553 234
241 626 50
241 754 130
241 331 166
242 596 16
243 330 84
244 656 461
244 326 49
244 959 205
245 853 27
245 701 99
247 528 129
247 595 58
247 452 74
248 818 30
248 372 287
249 825 74
250 273 30
250 326 141
250 271 86
251 383 84
252 747 221
252 639 273
254 472 73
255 449 23
256 916 42
256 984 29
256 588 99
257 305 41
257 283 145
258 868 112
260 782 17
262 483 362
262 869 30
262 855 26
263 870 3
263 921 94
264 467 3
264 588 2
265 754 168
265 820 61
265 888 43
266 366 131
267 927 132
268 387 30
268 996 4
268 324 70
269 401 152
270 601 458
270 461 55
272 897 129
272 564 72
273 672 106
273 562 84
274 498 132
274 277 92
274 614 134
275 774 22
276 950 155
276 475 188
277 960 51
278 871 324
278 575 121
279 465 19
280 576 57
282 973 100
283 454 314
283 550 170
284 917 21
284 422 106
284 797 121
285 554 116
285 749 74
286 762 254
286 555 90
286 572 19
287 319 356
288 763 351
289 577 50
289 494 50
290 946 73
290 473 19
291 878 71
292 772 198
292 967 117
293 545 99
293 500 30
293 854 39
293 589 191
294 709 179
294 821 51
295 762 332
296 430 86
297 972 321
298 694 21
298 503 90
298 908 65
299 386 28
299 882 9
299 899 278
299 532 306
300 738 41
301 524 105
302 690 136
302 317 68
303 314 147
305 728 127
305 781 41
307 873 207
309 730 49
310 673 118
310 586 8
310 430 373
311 466 81
311 404 122
312 799 220
313 416 200
313 920 127
313 622 62
314 456 203
315 978 2
315 373 152
315 598 18
315 557 188
316 848 16
316 457 73
317 668 47
318 913 204
318 611 47
320 420 43
320 901 154
322 914 126
323 930 21
323 491 11
325 667 557
325 524 102
326 621 185
327 787 97
327 444 50
327 943 14
328 809 151
328 348 108
329 824 36
331 614 50
332 617 38
332 893 262
333 497 29
334 982 94
334 559 58
335 680 74
336 697 337
337 750 238
338 687 117
339 496 287
339 457 64
339 649 273
340 632 151
342 959 107
343 904 113
344 567 140
345 814 84
347 652 39
347 622 60
347 831 160
349 945 111
349 660 30
351 982 230
352 493 79
352 959 18
353 865 81
354 972 235
355 400 111
355 555 320
356 777 4
357 429 49
358 860 192
359 771 326
359 426 120
360 413 294
361 866 3
361 921 176
361 623 48
362 955 44
363 796 95
364 864 33
365 546 51
365 805 168
366 443 142
367 775 67
367 780 52
368 419 37
368 697 144
369 553 121
371 795 156
371 574 21
374 546 31
375 376 105
375 895 114
376 924 76
376 989 204
377 533 20
377 462 161
378 833 137
380 560 157
380 487 99
381 921 11
383 392 3
384 537 13
384 591 194
385 638 28
387 869 44
390 790 228
391 472 71
392 957 318
392 958 166
393 962 100
393 892 75
394 993 31
394 659 12
395 739 209
395 638 29
396 438 126
397 762 336
399 859 422
400 675 311
400 542 179
401 961 117
401 815 59
405 611 139
405 644 92
406 820 110
407 999 17
408 843 38
409 784 150
409 636 12
410 566 130
410 684 95
411 865 123
411 773 113
412 517 2
413 521 36
413 812 85
414 949 33
414 648 53
415 867 319
415 969 187
417 534 206
418 615 75
420 487 105
421 490 52
424 647 59
424 507 281
425 812 107
427 756 89
427 693 68
427 926 77
428 674 66
428 531 87
428 823 55
428 509 138
429 840 28
429 639 14
431 945 60
432 561 103
432 642 57
432 902 147
433 786 228
435 592 92
436 885 222
437 481 45
437 970 186
438 949 5
438 662 153
438 631 107
438 717 153
439 729 142
440 596 8
441 882 28
444 995 58
446 680 26
447 803 154
448 547 154
449 973 135
450 631 55
452 845 12
453 941 245
454 495 109
455 657 413
455 685 253
456 866 171
458 696 6
458 745 66
458 665 67
459 808 99
459 700 43
460 841 56
460 795 20
460 862 20
461 547 61
463 992 47
464 913 42
464 660 3
465 705 28
466 893 97
468 699 4
470 537 5
471 787 43
471 726 30
473 730 52
474 596 107
476 806 465
476 681 81
477 787 27
477 744 10
477 569 123
478 528 11
478 683 48
479 778 7
480 489 55
481 952 28
483 664 79
484 656 92
485 800 49
485 544 23
486 640 35
486 568 27
490 579 46
491 891 52
492 922 101
492 525 65
494 868 113
496 742 31
497 633 122
498 735 33
499 918 49
500 736 58
500 858 112
501 519 46
502 720 47
503 683 153
504 719 96
505 638 156
506 651 177
508 586 10
509 915 110
509 522 38
509 875 46
510 601 32
511 658 111
511 981 71
511 809 97
512 579 150
512 707 178
513 985 94
513 927 97
514 675 10
515 585 192
517 779 102
517 703 146
518 691 25
519 559 180
520 662 2
523 620 55
523 654 58
524 645 71
525 552 41
527 529 58
529 628 174
529 893 41
531 571 203
532 623 3
533 563 100
533 766 410
535 863 36
536 735 388
537 553 111
539 571 17
540 688 43
540 791 43
542 914 79
543 945 20
544 807 43
547 793 72
548 601 108
548 843 78
548 670 245
549 647 87
550 650 15
550 844 275
551 887 291
551 655 469
554 692 31
556 969 395
556 942 289
557 700 20
558 830 37
560 984 208
561 691 40
561 888 27
565 714 94
565 619 20
565 620 368
567 905 128
569 752 48
570 978 168
570 904 63
572 803 188
573 650 34
573 940 12
575 758 41
578 928 142
579 964 41
580 771 117
582 949 95
583 652 86
585 743 212
586 922 322
587 984 71
593 640 110
594 705 303
594 969 40
594 778 64
597 789 36
599 993 134
599 911 17
602 768 113
603 769 39
604 984 164
604 749 65
605 678 45
605 730 18
606 790 136
607 948 47
608 968 20
609 832 96
609 865 24
614 948 57
615 983 82
616 780 16
617 954 14
623 804 23
624 830 196
624 655 47
625 853 6
627 812 22
629 747 39
630 769 38
630 849 60
631 690 309
631 702 29
633 938 78
634 936 15
634 894 231
635 973 2
638 919 17
642 742 133
643 841 60
645 869 59
646 916 129
649 886 42
652 676 16
653 861 15
654 788 150
655 743 21
655 713 135
656 991 91
657 718 122
663 872 359
666 750 61
669 760 8
671 695 5
671 765 22
672 785 115
676 753 239
679 972 25
679 926 40
685 732 51
690 776 375
698 735 162
699 892 244
701 977 334
703 835 12
705 921 154
706 979 64
708 965 14
708 943 125
709 950 102
709 982 109
709 823 12
710 959 2
711 810 16
711 876 96
712 929 81
715 878 83
717 764 19
717 879 138
722 942 357
723 872 13
723 923 11
724 762 129
725 998 180
726 976 252
727 842 12
727 863 247
729 863 97
734 880 164
734 994 372
736 817 140
741 923 37
744 909 4
746 903 70
748 871 15
751 801 62
751 923 337
756 889 59
757 905 237
760 944 232
762 788 203
763 932 81
765 837 17
765 874 99
778 873 23
780 852 194
781 880 124
782 879 33
783 842 57
787 999 34
788 852 9
789 958 104
790 964 87
791 906 93
796 829 109
797 931 5
798 996 471
806 992 105
809 992 9
810 838 20
812 975 57
813 986 111
813 830 50
816 931 242
819 884 88
824 882 220
826 938 149
827 997 319
828 878 58
829 889 70
834 898 245
834 974 122
836 877 74
840 879 11
841 877 107
846 966 213
848 951 74
850 944 42
850 917 704
851 966 4
852 857 101
865 946 24
865 941 287
870 933 46
871 904 3
885 938 74
887 962 111
893 936 336
893 953 8
905 968 80
918 935 40
923 929 30
928 971 123
930 964 3
932 967 139
939 960 31
948 989 91
950 970 49
959 961 27
974 988 21
986 998 6
