1000
0 369 430
0 645 46
0 406 46
0 490 84
0 939 63
1 961 167
1 289 124
1 898 95
1 675 28
1 900 19
1 485 11
1 438 4
1 887 83
1 168 210
1 779 1065
1 411 24
1 45 153
2 193 69
2 387 47
2 771 92
2 805 160
2 837 50
2 677 56
2 710 61
2 230 74
2 506 52
2 463 197
3 577 51
3 113 86
3 565 27
3 309 114
3 939 139
3 29 92
3 191 102
4 592 32
4 320 16
4 273 85
4 881 91
4 114 51
4 99 84
4 821 75
4 359 103
4 759 51
4 584 11
4 219 68
4 428 133
4 414 197
4 14 10
4 367 98
4 671 228
5 640 165
5 882 9
5 550 21
5 855 58
5 665 215
5 76 89
5 93 10
5 527 4
6 626 102
6 915 163
6 900 97
6 357 87
6 582 75
6 279 2
6 31 34
7 768 319
7 760 179
7 651 28
7 222 243
7 223 14
8 851 362
8 531 89
8 709 43
8 537 492
8 219 6
8 940 139
8 302 134
8 174 115
9 976 96
9 544 84
9 993 74
9 934 11
9 359 141
9 73 126
9 778 143
9 747 49
9 62 34
9 687 204
10 992 10
10 481 29
10 194 157
10 836 417
10 805 12
10 120 174
10 905 21
10 330 26
10 602 6
10 314 119
10 107 3
11 769 200
11 513 38
11 644 113
11 469 80
11 854 56
11 536 11
11 840 193
11 842 75
11 60 323
11 847 37
12 544 249
12 273 268
12 705 28
12 354 23
12 822 25
12 56 23
12 138 69
13 832 79
13 33 175
13 129 97
13 742 49
13 999 101
13 827 148
13 797 47
13 877 5
13 622 38
14 866 46
14 67 193
14 451 9
14 534 143
14 806 92
14 375 31
14 25 15
14 58 75
14 331 122
14 396 29
14 846 8
14 351 214
14 175 25
15 801 48
15 706 136
15 963 124
15 182 25
15 551 21
15 604 148
15 237 177
15 270 9
15 990 165
15 223 106
16 738 87
16 578 20
16 596 114
16 389 65
16 150 119
16 310 82
16 71 63
16 439 86
16 313 86
16 697 99
16 730 36
16 492 98
16 893 37
16 222 30
16 46 154
16 335 107
16 495 111
16 143 11
17 983 17
17 24 110
17 793 370
17 203 45
18 561 72
18 609 100
18 217 18
18 205 76
18 303 78
18 703 48
18 911 125
19 976 125
19 448 24
19 80 5
19 369 13
19 289 110
19 867 126
19 950 73
19 278 126
19 425 206
19 105 50
19 265 103
19 234 91
19 107 113
19 190 47
20 738 25
20 130 10
20 803 136
20 932 321
20 756 75
20 389 21
20 89 54
20 109 292
20 127 21
21 773 66
21 725 39
21 53 114
21 278 34
21 504 21
21 541 260
21 767 111
22 562 11
22 771 153
22 707 77
22 405 53
22 456 35
22 124 114
22 893 152
22 686 41
23 816 47
23 209 11
23 165 144
23 569 127
23 827 25
23 799 151
23 751 89
24 241 200
24 274 77
24 885 121
24 599 24
24 825 259
24 890 41
24 575 12
24 783 22
25 416 38
25 912 179
25 881 45
25 894 365
25 127 122
26 881 39
26 246 19
26 839 37
26 55 24
26 202 14
26 683 68
26 603 23
26 59 54
26 333 69
26 365 36
27 176 235
27 690 66
27 258 58
27 579 30
27 388 257
27 726 25
27 999 120
27 601 201
28 228 24
28 741 30
28 247 14
28 857 22
28 601 75
28 201 120
28 218 246
28 683 266
28 303 461
29 466 169
29 530 20
29 341 237
29 774 43
29 759 7
29 601 63
29 73 53
29 761 235
29 571 18
30 962 46
30 420 107
30 660 85
30 309 32
30 933 339
30 518 147
30 379 47
30 734 10
31 433 19
31 469 20
31 566 89
31 504 495
31 920 74
31 793 81
32 64 105
32 545 123
32 609 31
32 598 8
32 951 83
32 953 74
32 300 211
32 428 207
32 908 17
32 157 246
32 637 217
32 173 26
33 561 235
33 66 37
33 675 48
33 115 37
33 500 164
33 454 25
33 215 391
33 807 60
33 745 17
33 985 29
33 810 27
33 779 116
33 268 8
33 284 3
34 658 46
34 306 99
34 805 67
34 549 21
34 907 3
34 428 173
34 654 280
35 443 65
35 604 14
35 463 3
36 929 30
36 515 59
36 180 47
36 260 140
36 949 8
36 519 108
36 812 9
36 252 21
36 398 7
37 433 140
37 706 387
37 851 35
37 981 110
37 454 5
37 518 82
37 439 40
37 728 45
37 553 47
37 269 122
37 238 36
37 911 51
38 513 11
38 961 6
38 817 61
38 114 43
38 883 180
38 724 93
38 709 38
38 950 151
38 134 108
38 758 228
38 183 100
38 776 91
38 844 81
38 813 117
38 895 35
38 527 228
39 564 22
39 696 221
39 169 7
39 603 210
39 347 60
39 783 98
39 79 15
39 111 127
40 529 214
40 835 24
40 452 197
40 788 30
40 54 38
40 871 287
40 568 84
40 668 29
40 526 233
41 768 381
41 513 94
41 674 134
41 627 170
41 532 82
41 839 196
41 153 20
41 908 205
41 862 30
42 848 100
42 417 305
42 835 83
42 691 65
42 819 37
42 117 32
42 950 54
42 121 88
42 635 8
42 493 151
42 654 422
43 688 15
43 689 119
43 961 91
43 98 124
43 610 3
43 691 296
43 661 68
43 682 127
43 267 36
43 987 14
43 139 72
43 989 146
44 896 36
44 306 168
44 355 281
44 693 14
44 119 380
44 151 57
44 203 30
44 253 118
44 815 114
45 656 214
45 880 87
45 933 201
45 392 72
45 169 58
46 224 113
46 353 231
46 355 14
46 100 29
46 325 33
46 232 10
46 569 19
46 633 19
46 522 36
46 395 271
46 764 278
46 878 217
47 545 21
47 961 130
47 420 2
47 59 2
47 493 29
47 318 32
47 911 115
48 338 47
48 212 52
48 54 94
48 186 35
48 202 4
48 78 16
48 559 15
49 960 161
49 400 54
49 288 102
49 673 27
49 883 110
49 564 83
49 260 255
49 901 12
49 134 56
49 776 210
49 426 235
49 299 106
50 401 232
50 194 132
50 533 158
50 665 2
50 106 9
50 699 67
50 556 76
50 462 146
50 558 63
51 273 62
51 834 270
51 322 39
51 259 28
51 197 39
51 311 5
51 263 74
51 975 16
52 577 280
52 770 47
52 611 33
52 372 30
52 262 467
52 983 10
52 472 117
52 73 139
52 748 147
52 460 103
52 717 49
52 782 21
53 336 96
53 192 28
53 528 11
53 561 132
53 258 11
53 180 139
53 516 220
53 218 148
53 174 45
54 978 23
54 338 233
54 850 159
54 114 228
54 84 159
54 116 175
54 549 61
54 853 66
54 662 221
54 88 143
54 153 44
54 842 226
54 974 237
55 976 44
55 561 84
55 977 116
55 481 9
55 227 53
55 597 165
55 504 343
55 121 295
55 812 24
55 575 109
56 657 69
56 673 93
56 739 12
56 579 237
56 964 28
56 485 107
56 966 85
56 230 28
56 393 67
56 346 7
56 107 93
56 204 25
56 605 200
56 431 34
57 561 143
57 577 138
57 371 15
57 85 104
57 182 91
57 423 4
57 184 110
57 121 75
57 457 382
57 878 13
57 255 38
57 351 32
58 208 10
58 832 74
58 385 221
58 418 18
58 626 20
58 196 132
58 102 27
58 663 14
58 666 28
58 443 73
58 683 44
58 893 41
58 350 64
58 783 304
59 338 102
59 553 51
59 746 48
59 171 193
60 720 23
60 961 14
60 691 29
60 391 113
60 504 4
60 217 22
60 650 501
61 113 18
61 451 61
61 787 7
61 308 51
61 324 18
61 821 371
61 215 92
61 599 46
61 958 240
61 831 134
61 495 19
62 368 127
62 80 100
62 546 45
62 308 133
62 681 152
62 745 12
62 795 4
62 732 7
62 799 188
63 321 164
63 290 335
63 135 65
63 872 121
63 313 47
63 762 92
63 475 37
63 156 60
63 940 64
63 286 136
63 975 49
64 770 47
64 325 192
64 837 5
64 214 19
64 584 207
64 857 140
64 460 167
65 97 11
65 515 49
65 629 72
65 485 119
65 487 169
65 300 81
65 396 18
65 604 125
65 653 18
66 928 263
66 496 25
66 897 20
66 519 67
66 249 35
66 841 23
66 124 297
66 540 255
66 685 73
66 749 51
67 163 97
67 261 37
67 586 69
67 508 115
67 974 115
68 656 19
68 896 132
68 352 142
68 290 107
68 659 160
68 934 65
68 743 10
68 233 61
68 858 90
68 490 32
68 155 274
68 140 38
69 640 29
69 242 25
69 980 67
69 996 29
69 197 19
69 571 154
69 556 7
69 493 259
69 110 195
69 142 300
69 879 11
70 96 5
70 404 35
70 517 170
70 374 48
70 647 38
70 616 29
70 297 5
70 474 3
70 186 246
70 555 31
70 783 38
71 128 123
71 370 62
71 900 83
71 534 2
71 887 127
71 253 137
71 687 205
71 767 60
72 497 55
72 197 48
72 167 9
72 999 31
72 616 297
72 569 138
72 188 81
72 509 98
73 821 298
73 742 63
73 394 5
74 896 62
74 336 213
74 129 4
74 961 94
74 419 157
74 371 52
74 150 54
74 678 191
74 889 71
74 683 85
74 396 67
74 333 8
75 833 304
75 369 74
75 148 138
75 390 323
75 550 76
75 999 53
75 168 37
75 394 65
75 218 42
75 813 117
75 974 9
76 864 194
76 544 85
76 118 15
76 360 40
76 617 50
76 237 25
76 93 398
76 847 39
76 383 115
77 432 281
77 912 47
77 259 97
77 726 255
77 679 229
77 696 78
77 665 45
77 266 273
77 778 33
77 108 44
77 236 112
77 927 63
77 559 63
78 834 50
78 866 2
78 421 175
78 486 126
78 317 139
78 383 62
79 480 62
79 466 89
79 882 38
79 565 141
79 506 91
79 365 88
79 701 178
80 368 55
80 960 17
80 407 170
80 186 44
80 108 883
81 322 125
81 884 348
81 565 65
81 222 61
82 322 20
82 600 221
82 170 60
82 587 195
82 540 4
82 94 50
82 510 175
83 179 12
83 249 21
83 811 417
84 913 199
84 771 189
84 805 35
84 453 57
84 215 244
84 871 29
84 952 48
84 489 210
84 794 116
84 299 64
84 268 110
84 124 166
84 605 351
84 542 46
84 606 74
84 702 335
84 655 338
84 159 32
85 402 64
85 483 61
85 165 59
85 581 98
85 294 42
85 923 5
85 797 118
85 205 55
85 142 29
85 174 152
85 511 61
85 847 66
86 992 109
86 690 9
86 837 222
86 437 58
86 375 15
86 568 175
86 186 16
86 172 19
87 304 128
87 497 40
87 978 299
87 99 31
87 851 60
87 117 315
87 934 31
87 857 63
87 906 30
87 827 163
87 699 294
87 349 93
87 143 9
88 514 154
88 500 29
88 821 162
88 598 7
88 568 626
88 616 24
88 93 31
88 590 76
88 399 25
89 512 58
89 368 96
89 224 97
89 612 191
89 326 63
89 200 26
89 939 12
89 620 23
89 301 322
89 605 33
89 941 19
89 589 94
89 446 297
89 927 213
90 432 134
90 817 102
90 469 30
90 134 14
90 219 50
90 574 26
90 463 163
91 593 17
91 978 10
91 546 139
91 243 84
91 565 97
91 761 240
91 106 22
91 490 284
91 493 95
91 413 92
91 511 191
92 928 236
92 738 108
92 788 73
92 358 199
92 808 80
92 728 97
92 857 164
92 365 197
92 189 31
92 765 20
93 833 310
93 467 128
93 198 47
93 987 36
93 877 178
94 512 208
94 163 223
94 852 102
94 502 12
94 478 90
94 558 4
94 206 64
95 272 74
95 880 170
95 869 20
95 536 150
95 264 6
95 346 73
95 939 12
95 365 58
95 526 335
96 577 291
96 210 28
96 803 139
96 695 52
96 941 132
96 447 14
97 608 55
97 320 55
97 897 21
97 753 112
97 603 327
97 796 21
97 941 11
98 928 234
98 834 68
98 900 42
98 454 7
98 646 8
98 937 64
98 747 43
99 209 15
99 161 91
99 322 163
99 916 79
99 615 143
99 939 65
99 302 188
100 850 52
100 564 71
100 182 22
100 663 4
100 696 49
100 537 219
100 491 23
100 347 82
100 317 175
100 670 154
100 494 234
101 208 51
101 848 20
101 803 22
101 515 14
101 292 212
101 406 80
101 618 109
101 621 23
101 701 32
102 240 55
102 992 222
102 257 6
102 641 131
102 706 227
102 354 65
102 419 115
102 467 83
102 473 6
102 746 25
102 269 133
103 624 23
103 231 3
103 473 157
103 716 30
103 317 175
103 733 189
104 432 283
104 229 51
104 342 162
104 170 38
105 833 78
105 129 7
105 563 139
105 821 153
105 518 83
105 663 165
105 236 87
105 285 25
105 334 165
105 287 4
106 864 83
106 243 13
106 275 17
106 390 151
106 342 119
106 151 16
106 777 71
106 698 114
106 589 49
106 191 64
107 516 28
107 181 83
107 343 294
107 967 96
107 937 271
107 426 112
107 397 64
107 911 52
108 112 101
108 849 35
108 563 20
108 707 30
108 147 4
108 422 5
108 424 2
108 298 222
108 906 113
109 484 17
109 885 29
109 134 69
109 406 191
109 350 389
109 703 46
110 593 55
110 562 2
110 707 79
110 404 32
110 917 59
110 374 25
110 217 122
110 218 103
110 941 235
110 430 219
110 511 175
111 736 13
111 545 3
111 306 103
111 709 172
111 566 2
111 552 2
111 408 55
111 492 121
111 701 284
111 974 399
112 370 133
112 467 96
112 612 39
112 245 95
112 197 300
112 295 21
112 680 29
112 234 142
112 379 60
112 860 84
112 814 102
112 591 29
113 457 137
113 587 110
113 204 342
113 861 3
114 960 59
114 848 37
114 405 4
114 569 93
114 265 219
114 652 20
114 157 134
115 149 65
115 726 51
115 858 29
115 618 154
115 619 8
115 780 11
116 834 14
116 866 40
116 915 96
116 403 54
116 534 62
116 170 221
117 784 87
117 658 4
117 370 15
117 228 299
117 663 115
117 152 126
117 282 46
117 990 48
118 625 180
118 466 292
118 914 33
118 756 219
118 708 45
118 549 114
118 503 41
118 744 60
118 760 5
118 382 62
118 191 126
119 752 85
119 960 285
119 672 55
119 354 37
119 211 48
119 339 109
119 260 12
119 167 7
119 520 98
120 304 34
120 161 238
120 210 61
120 308 64
120 805 49
120 886 226
120 231 19
120 873 34
120 362 105
120 523 18
120 763 58
120 795 160
120 893 48
120 877 21
120 559 13
121 244 18
121 884 218
121 410 116
121 635 96
121 638 76
122 402 31
122 692 23
122 486 5
122 364 67
122 140 84
122 412 110
123 144 45
123 451 43
123 291 111
123 677 193
123 282 19
123 555 136
123 286 40
123 655 194
124 592 26
124 576 244
124 257 52
124 595 33
124 663 22
124 935 3
124 426 185
124 364 12
124 125 42
124 526 301
125 337 40
125 566 247
125 134 59
125 168 114
125 155 139
125 364 272
126 770 55
126 226 46
126 391 92
126 759 87
126 922 122
126 379 44
126 668 100
127 401 95
127 674 186
127 229 58
127 998 60
127 311 13
127 601 111
127 281 209
127 699 46
127 365 19
127 895 51
127 991 49
128 653 61
128 991 413
129 640 72
129 402 62
129 373 91
129 326 47
129 910 352
129 991 51
129 175 74
130 433 111
130 548 178
130 551 15
130 999 15
130 824 55
130 298 162
130 794 223
130 988 29
130 397 98
130 845 19
130 366 127
131 483 55
131 677 65
131 729 174
131 351 72
132 160 82
132 643 2
132 324 143
132 214 84
132 198 93
132 615 192
132 217 278
132 570 20
133 448 19
133 784 47
133 754 77
133 850 6
133 211 5
133 787 19
133 438 2
133 999 42
133 457 247
133 218 132
133 187 75
133 716 30
133 797 112
133 735 54
134 432 61
134 596 19
134 886 30
134 358 131
134 774 57
134 214 9
134 345 220
134 394 179
134 236 25
134 269 67
135 256 191
135 419 29
135 774 65
135 934 102
135 697 21
135 617 78
135 171 21
136 256 155
136 562 383
136 983 6
136 551 96
136 153 38
136 650 477
136 796 173
136 269 57
137 497 112
137 325 86
137 645 139
137 647 73
137 968 95
137 651 17
137 334 222
137 814 30
137 559 18
138 417 9
138 241 84
138 771 302
138 694 62
138 744 365
138 792 70
138 219 182
138 459 24
138 206 35
139 688 228
139 929 139
139 177 332
139 898 120
139 467 140
139 470 107
139 231 121
139 348 22
139 269 97
140 657 148
140 706 124
140 821 68
140 550 46
140 487 45
140 377 29
140 265 146
140 862 270
141 865 36
141 723 17
141 948 164
141 729 86
141 236 138
142 528 15
142 225 80
142 338 542
142 754 157
142 818 58
142 835 37
142 884 145
142 998 48
142 936 103
142 200 43
142 697 70
142 761 15
142 683 75
142 814 32
143 144 66
143 436 96
143 500 62
143 600 41
143 267 8
143 251 569
143 620 248
143 893 51
144 210 121
144 500 266
144 742 192
144 774 73
144 425 53
144 330 28
144 363 191
144 174 52
144 815 8
145 720 88
145 784 110
145 946 101
145 744 638
145 365 11
146 774 42
146 842 93
146 683 407
146 539 53
146 219 49
146 587 323
146 254 27
146 462 182
146 319 104
147 273 67
147 450 61
147 323 33
147 342 19
147 556 173
147 333 281
147 253 43
147 911 119
148 948 54
148 836 12
148 468 79
148 565 39
148 489 113
148 697 65
148 923 89
149 609 225
149 738 78
149 610 2
149 355 2
149 724 96
149 164 69
149 261 308
149 663 133
149 904 5
149 745 9
149 778 4
149 636 24
150 993 10
150 770 129
150 340 198
150 789 89
150 230 51
150 331 32
150 828 79
150 430 195
151 438 3
151 775 215
151 231 124
151 200 80
151 622 5
151 734 74
151 927 181
152 485 164
152 757 15
152 469 160
152 248 258
152 697 51
152 554 125
152 315 104
152 766 104
152 559 21
153 689 111
153 950 2
153 390 136
153 714 262
153 507 101
153 699 95
153 188 26
153 492 133
153 685 28
153 894 103
153 399 2
154 401 15
154 899 242
154 853 127
154 694 35
154 811 36
154 731 35
154 540 80
154 285 283
155 833 13
155 867 126
155 676 36
155 277 14
155 679 29
155 615 196
155 537 52
155 201 8
155 426 12
155 476 53
155 684 292
155 669 92
155 798 26
156 228 115
156 293 311
156 936 60
156 425 129
156 891 228
156 459 28
156 830 18
156 575 39
157 769 24
157 274 59
157 919 78
157 238 16
157 222 34
157 606 17
157 191 416
158 897 67
158 178 36
158 963 116
158 708 83
158 198 29
158 839 57
158 953 152
158 169 43
158 649 89
158 282 12
158 925 128
159 304 205
159 193 3
159 994 4
159 214 85
159 167 86
159 407 2
159 680 123
159 778 184
159 652 191
160 368 127
160 530 49
160 195 32
160 423 58
160 713 77
160 474 70
160 379 5
160 284 101
161 385 15
161 658 141
161 359 78
161 216 18
161 538 113
162 176 94
162 560 91
162 371 37
162 228 142
162 468 110
162 634 188
162 522 8
162 863 144
162 287 474
163 820 71
163 676 47
163 905 144
163 557 39
164 593 271
164 674 249
164 211 82
164 388 96
164 965 5
164 775 50
164 631 321
164 871 10
164 267 158
164 603 150
164 332 27
165 433 205
165 563 25
165 949 97
165 597 2
165 473 159
165 841 117
165 410 166
165 748 19
166 608 471
166 788 196
166 997 29
166 359 137
166 921 18
166 313 89
166 524 963
166 972 38
166 236 5
167 977 338
167 450 59
167 924 117
167 748 169
167 636 122
168 322 144
168 419 8
168 276 205
168 645 7
168 438 119
168 807 41
168 713 133
168 302 15
169 192 103
169 355 103
169 419 34
169 244 26
169 326 342
169 342 19
169 695 10
169 603 91
169 333 308
169 205 172
169 414 186
169 526 113
169 431 92
169 767 3
170 260 92
170 392 286
170 665 91
170 475 51
171 896 43
171 915 97
171 900 22
171 950 127
171 870 17
171 726 72
171 294 194
171 359 203
171 296 116
171 568 50
171 809 67
171 890 58
171 218 48
171 395 9
171 699 80
171 892 118
171 732 22
172 226 41
172 642 76
172 850 59
172 756 44
172 884 41
172 901 86
172 728 35
172 875 95
172 573 85
172 622 70
173 832 31
173 834 17
173 532 64
173 980 207
173 693 364
173 646 157
173 648 300
173 830 111
174 449 55
174 594 113
174 389 39
174 471 102
174 568 329
175 276 8
175 778 312
175 670 108
176 976 402
176 385 208
176 994 127
176 360 286
176 475 362
176 828 238
176 716 188
176 846 6
177 419 153
177 867 87
177 667 19
177 235 90
177 860 59
178 864 30
178 385 249
178 993 337
178 450 318
178 949 11
178 293 69
178 983 46
178 873 102
178 876 98
178 557 60
179 880 246
179 902 274
179 503 234
179 490 50
179 363 101
179 731 45
180 560 314
180 596 30
180 951 20
180 983 15
180 873 33
180 521 53
180 459 122
180 924 3
181 704 4
181 258 215
181 807 53
181 216 140
181 489 78
181 201 3
181 798 2
181 718 328
181 318 76
181 847 256
182 353 103
182 322 47
182 579 184
182 567 99
182 647 286
182 761 9
182 362 47
182 603 104
183 864 211
183 994 8
183 339 287
183 919 41
183 488 58
183 954 16
183 239 97
184 209 106
184 451 18
184 486 267
184 504 289
184 537 212
184 953 59
184 554 205
184 234 42
184 443 167
184 382 86
185 640 94
185 450 57
185 850 108
185 310 83
185 394 369
185 522 235
185 619 24
186 290 148
186 628 197
186 901 344
186 694 30
186 582 35
186 233 56
187 976 63
187 867 173
187 547 55
187 708 51
187 742 7
187 491 4
187 653 11
187 254 52
188 641 11
188 355 135
188 947 146
188 437 28
188 950 21
188 223 19
189 384 223
189 945 78
189 689 40
189 227 77
189 565 355
189 346 60
189 716 112
190 291 312
190 597 196
190 966 52
190 424 122
190 650 71
190 746 14
190 445 428
190 845 62
191 928 44
191 337 117
191 920 47
191 937 153
191 730 60
191 826 38
191 301 68
191 718 73
191 382 73
192 581 8
192 856 144
192 345 94
192 825 124
192 346 90
193 242 127
193 866 117
193 660 116
193 548 144
193 599 76
193 216 201
193 441 88
193 778 83
193 251 153
194 368 12
194 821 82
194 856 224
194 314 10
194 317 26
195 372 94
195 708 116
195 710 114
195 296 33
195 330 311
195 315 100
195 203 29
195 508 9
195 398 142
195 222 114
195 511 48
196 821 250
196 662 96
196 360 111
196 377 91
196 906 81
197 977 67
197 226 54
197 660 5
197 389 93
197 680 71
197 222 470
198 741 32
198 838 60
198 362 77
198 522 77
198 268 23
198 653 163
198 702 161
199 608 85
199 929 10
199 578 164
199 486 350
199 776 77
199 970 164
199 459 15
199 619 69
199 591 52
200 947 96
200 598 83
200 375 15
200 328 33
200 537 219
200 412 14
201 738 28
201 948 483
201 838 268
201 791 9
201 937 102
202 738 161
202 419 49
202 499 410
202 838 124
202 634 90
202 990 10
203 806 48
203 635 35
203 667 414
203 364 212
203 380 186
204 913 26
204 469 87
204 391 242
204 296 34
204 554 99
204 348 12
204 589 209
204 319 62
205 544 17
205 913 224
205 594 170
205 898 70
205 678 430
205 968 140
205 782 95
206 290 15
206 882 77
206 515 61
206 564 47
206 852 124
206 757 38
206 997 11
206 218 117
206 846 165
207 864 76
207 644 27
207 568 55
207 792 2
207 843 56
207 748 266
207 830 77
207 975 2
207 751 2
208 535 33
208 231 4
208 328 52
208 632 121
208 505 60
208 346 16
208 443 45
208 270 196
208 591 118
208 287 104
209 886 48
209 358 126
209 870 15
209 970 260
209 635 5
209 572 35
209 270 161
209 510 52
210 693 145
210 853 56
210 886 75
210 423 234
210 762 22
210 620 35
210 636 266
210 653 82
210 895 212
211 497 35
211 881 69
211 754 25
211 340 93
211 855 13
211 424 3
211 362 97
211 634 344
211 731 28
212 371 19
212 484 215
212 501 72
212 583 223
212 239 27
213 290 56
213 498 9
213 227 74
213 677 44
213 311 108
213 360 22
213 904 38
213 361 37
213 731 488
213 510 174
213 366 13
213 382 163
213 479 5
214 657 24
214 802 14
214 419 22
214 805 160
214 517 180
214 237 29
214 766 58
215 800 92
215 595 31
215 869 84
215 598 3
215 807 14
215 936 9
215 968 86
215 938 33
215 762 137
215 846 72
216 420 44
216 468 61
216 852 169
216 359 271
216 695 19
216 601 123
216 442 27
216 959 98
217 896 20
217 674 45
217 706 171
217 308 23
217 901 120
217 885 5
217 360 180
217 984 113
217 959 15
218 688 203
218 880 76
218 326 32
218 571 108
218 315 209
218 828 26
218 268 24
218 428 68
218 701 37
218 525 35
218 654 188
218 751 20
219 322 53
219 744 129
219 586 15
219 879 48
220 948 141
220 295 181
220 253 56
220 895 60
221 368 67
221 915 94
221 387 87
221 887 36
221 429 65
222 677 11
222 550 21
222 294 113
222 922 111
222 314 89
222 555 25
222 574 357
222 526 43
222 959 19
223 769 72
223 994 92
223 389 72
223 503 9
223 762 32
223 445 4
223 861 15
223 541 216
223 638 59
223 927 58
223 751 22
224 400 76
224 353 18
224 700 43
224 797 91
224 879 75
225 993 85
225 516 318
225 231 149
225 745 139
225 315 112
225 412 277
225 877 55
225 927 341
226 368 98
226 834 10
226 917 60
226 309 133
226 425 52
226 457 8
226 825 97
226 475 122
226 955 23
227 864 40
227 528 161
227 470 73
227 522 120
227 398 19
227 766 26
227 719 195
228 544 239
228 755 18
228 644 4
228 679 66
228 680 177
228 879 91
228 911 61
229 736 112
229 243 112
229 628 96
229 884 98
229 539 164
229 301 58
229 557 20
229 974 83
229 319 26
229 767 16
230 961 142
230 547 230
230 995 218
230 550 12
230 600 6
230 553 57
230 236 115
230 269 34
231 577 8
231 898 179
231 388 62
231 244 80
231 324 300
231 423 74
231 551 25
231 263 38
231 826 157
231 715 321
231 955 73
231 527 107
232 833 88
232 418 93
232 388 113
232 678 50
232 887 164
232 969 415
232 778 2
232 765 189
233 410 26
233 893 75
233 430 60
233 927 41
234 352 283
234 753 157
234 881 43
234 274 88
234 360 70
234 524 204
234 317 79
235 784 40
235 833 22
235 708 43
235 805 28
235 536 18
235 827 37
236 565 16
236 454 82
237 800 115
237 544 76
237 704 13
237 594 59
237 308 59
237 837 48
237 247 129
238 688 131
238 512 135
238 245 138
238 405 122
238 873 54
238 782 61
239 480 164
239 672 56
239 340 24
239 567 157
239 504 15
239 889 55
239 859 301
239 831 102
240 548 137
240 871 42
240 967 209
240 329 66
240 844 33
241 261 93
241 454 151
241 599 63
241 504 369
241 863 54
242 978 240
242 997 29
242 744 11
242 431 63
243 720 116
243 645 277
243 390 31
243 536 86
243 809 183
243 570 97
243 717 112
243 381 27
243 350 73
244 496 85
244 532 173
244 471 63
244 670 66
244 719 84
244 927 56
245 564 279
245 856 48
245 888 40
245 601 72
245 937 112
245 319 46
246 336 98
246 640 46
246 401 121
246 881 82
246 836 103
246 665 40
246 603 334
246 477 41
247 450 41
247 482 22
247 930 122
247 403 81
247 372 112
247 885 17
247 296 33
247 488 84
247 760 124
247 394 41
247 414 9
247 366 75
247 927 51
248 324 3
248 917 304
248 677 48
248 282 92
248 669 35
248 719 91
249 947 43
249 387 10
249 519 45
249 303 12
250 640 1017
250 944 62
250 417 59
250 580 149
250 517 241
250 423 51
250 745 65
250 985 70
250 490 12
250 843 43
250 284 161
250 492 223
250 764 25
251 916 25
251 550 43
251 440 9
251 637 477
251 557 114
251 878 4
251 463 151
252 498 53
252 530 9
252 579 64
252 964 99
252 981 223
252 885 89
252 679 227
252 615 217
252 953 852
252 751 38
253 672 21
253 578 155
253 307 32
253 323 69
253 821 154
253 650 80
253 702 202
254 688 6
254 577 107
254 594 241
254 306 95
254 419 4
254 564 44
254 437 53
254 534 10
254 952 150
254 874 134
254 766 42
255 976 88
255 402 51
255 947 506
255 709 68
255 858 13
255 970 32
255 559 68
256 448 21
256 418 20
256 580 136
256 444 8
256 540 223
257 802 53
257 642 56
257 530 74
257 259 24
257 548 206
257 853 33
257 677 17
257 519 162
257 636 82
257 717 108
258 594 56
258 468 13
258 775 133
258 632 62
258 648 13
258 794 264
258 940 208
258 797 109
259 320 3
259 865 54
259 289 49
259 533 112
259 405 71
259 743 11
259 296 320
259 584 65
259 842 123
259 476 157
259 796 67
260 485 84
260 901 11
260 518 307
260 616 145
260 825 37
260 956 4
260 670 82
261 386 3
261 419 226
261 484 149
261 597 5
261 869 59
261 954 164
261 458 139
261 749 17
262 913 5
262 995 22
262 435 82
262 675 45
262 852 147
262 805 344
262 665 97
262 475 92
263 272 152
263 305 23
263 913 71
263 602 260
263 413 13
264 784 13
264 608 7
264 787 113
264 611 128
264 555 204
264 971 53
264 511 237
264 927 46
265 945 89
265 529 92
265 741 41
265 983 25
265 647 32
265 636 36
265 926 143
266 593 3
266 897 134
266 883 217
266 660 209
266 484 104
266 616 16
266 763 8
266 525 12
267 960 57
267 560 39
267 627 57
267 403 27
267 740 296
267 826 29
267 283 34
267 956 45
267 780 104
268 897 3
268 545 3
268 946 86
268 659 126
268 854 64
268 903 703
268 569 250
268 284 43
268 348 32
268 765 123
269 912 26
269 689 14
269 355 50
269 595 45
269 806 175
269 552 31
269 633 80
269 831 138
270 516 33
270 644 106
270 758 61
270 780 62
270 718 56
270 462 63
270 767 293
271 545 138
271 818 229
271 963 26
271 836 19
271 389 369
271 870 190
271 487 479
271 759 168
271 984 20
271 985 6
271 825 84
271 506 82
271 986 11
271 906 30
271 381 18
271 814 15
272 416 7
272 691 5
272 452 151
272 836 69
272 484 185
272 981 11
272 390 7
272 470 91
272 872 71
272 412 46
272 301 75
272 317 20
272 574 398
272 543 3
273 883 263
273 341 38
273 358 132
273 330 106
273 362 203
273 874 82
273 586 404
273 507 137
274 400 235
274 548 30
274 902 40
274 646 245
274 294 61
274 519 242
274 396 119
274 925 149
275 850 115
275 419 98
275 549 157
275 601 98
275 427 20
275 397 254
276 737 100
276 930 243
276 533 237
276 277 2
276 518 124
276 303 47
277 516 25
277 724 136
277 421 88
277 457 14
277 346 88
277 876 147
277 509 175
278 304 212
278 422 11
278 712 13
278 618 102
278 843 51
278 861 39
278 910 96
279 533 50
279 470 99
279 712 27
279 412 161
280 416 7
280 841 66
280 415 2
281 704 11
282 310 36
282 824 63
282 617 121
282 378 89
282 762 40
282 316 135
282 414 73
282 670 14
283 643 14
283 868 122
283 888 5
283 312 201
283 778 30
283 970 2
283 427 58
283 670 100
284 378 74
284 939 211
284 619 97
284 668 14
284 367 25
284 351 92
285 868 269
285 491 10
285 604 181
285 510 147
285 670 205
286 658 37
286 791 294
286 891 125
286 429 82
287 819 275
287 693 23
287 861 171
288 644 31
288 445 22
288 431 23
288 815 201
288 703 3
289 640 10
289 402 143
289 980 58
289 347 21
290 402 33
290 515 48
290 743 180
290 601 5
290 956 47
290 703 49
291 961 167
291 916 253
291 836 66
291 826 66
291 348 20
291 399 59
292 625 203
292 545 34
292 898 194
292 899 45
292 372 63
292 820 11
292 823 136
292 520 48
293 976 38
293 657 293
293 675 180
293 500 34
293 773 2
293 806 131
293 510 126
294 338 67
294 882 101
294 775 2
294 633 78
294 875 357
294 684 38
295 624 11
295 450 131
295 850 20
295 612 144
295 791 4
295 891 23
295 909 15
296 848 33
296 705 4
296 435 107
296 821 48
296 522 15
296 363 16
296 750 123
296 590 109
297 368 210
297 401 113
297 881 75
297 900 30
297 473 104
297 329 128
297 379 39
297 509 25
297 557 2
298 993 118
298 802 143
298 322 25
298 435 497
298 924 86
298 317 109
299 848 26
299 977 97
299 867 65
299 515 63
299 744 15
299 329 162
299 474 58
300 769 195
300 645 3
300 311 10
300 809 71
300 410 42
300 668 91
301 993 223
301 674 6
301 307 67
301 675 15
301 933 55
301 631 35
301 967 111
301 776 186
301 316 68
301 893 38
302 800 227
302 611 134
302 522 24
302 748 20
303 674 51
303 915 81
303 452 23
303 952 50
303 653 126
304 432 84
304 804 38
304 987 172
304 332 245
304 893 208
304 559 11
305 752 178
305 737 21
305 738 323
305 756 126
305 805 54
305 315 11
306 851 109
306 437 16
306 534 152
306 774 124
306 941 46
306 846 27
306 511 200
306 783 57
307 832 25
307 641 28
307 915 94
307 707 84
308 786 6
308 788 41
308 822 105
308 863 10
309 384 71
309 784 147
309 753 131
309 433 142
309 818 117
309 484 221
309 548 19
309 581 41
309 423 47
309 937 66
309 460 104
309 940 44
309 399 2
310 579 96
310 516 105
310 441 43
310 555 170
310 844 23
310 750 118
311 548 199
311 708 22
311 982 97
311 375 156
311 585 105
311 858 50
311 490 7
311 671 44
311 559 191
312 354 8
312 837 86
312 359 144
312 376 205
312 968 197
312 618 200
312 718 145
312 831 23
313 640 57
313 497 472
313 737 2
313 695 330
313 538 3
313 989 23
314 753 40
314 712 17
314 492 131
314 796 254
314 461 29
314 990 127
314 494 98
315 496 140
315 675 89
315 532 360
315 392 588
315 523 106
315 812 39
315 335 18
316 466 12
316 771 232
316 755 61
316 391 9
316 840 275
316 682 47
316 397 34
317 484 6
317 966 5
317 712 40
318 512 350
318 947 91
318 984 9
318 937 288
318 426 106
318 621 30
318 829 33
318 861 2
319 401 42
319 663 146
320 544 11
320 995 14
320 532 50
320 950 88
320 363 49
320 622 72
320 799 44
320 847 141
321 609 106
321 436 25
321 681 33
322 563 19
322 789 168
322 343 105
322 667 21
322 799 159
323 817 7
323 596 41
323 774 113
323 569 124
323 699 69
324 592 178
324 834 9
324 920 60
324 584 231
324 472 99
324 809 292
324 489 18
324 346 25
324 795 68
324 925 40
324 637 56
324 926 222
325 738 10
325 850 2
325 485 187
325 613 40
325 781 35
325 845 63
326 417 133
326 610 298
326 914 67
326 724 332
326 470 30
326 472 105
326 761 15
326 541 27
326 863 28
327 688 14
327 371 89
327 579 146
327 452 89
327 372 192
327 661 98
327 726 24
327 810 87
328 756 38
328 709 341
328 808 40
328 811 206
328 875 240
328 813 124
328 398 8
329 742 180
329 470 113
329 922 37
329 910 37
330 961 28
330 931 91
330 772 470
330 596 72
330 741 22
330 360 72
330 875 85
330 956 41
330 671 4
331 550 98
331 599 154
331 392 3
331 905 250
332 467 151
332 453 81
332 582 29
332 345 35
332 573 217
333 624 4
333 978 15
333 612 43
333 614 143
333 747 286
333 508 14
333 972 98
333 765 82
333 973 69
333 847 298
334 768 152
334 961 249
334 707 13
334 692 174
334 340 34
334 938 120
334 414 65
334 894 2
334 479 174
335 528 58
335 498 300
335 947 38
335 918 15
335 822 159
335 536 34
335 872 40
335 648 150
335 587 11
335 895 88
335 607 18
336 738 71
336 642 230
336 549 211
336 982 25
336 729 55
336 603 92
336 523 351
336 798 78
337 918 18
337 951 43
338 704 122
338 912 326
338 723 103
338 611 28
338 389 224
338 437 142
338 423 17
338 585 154
338 394 120
338 586 11
338 683 14
338 348 42
338 383 34
339 433 17
339 740 5
339 700 110
339 974 114
339 446 42
339 943 189
340 817 40
340 594 106
340 676 187
340 757 35
340 821 77
340 967 13
340 553 48
340 555 37
340 781 218
340 510 24
340 782 280
341 501 55
341 615 5
341 857 8
341 427 28
341 847 156
342 817 7
342 869 106
342 918 193
342 518 26
342 743 88
342 682 28
342 891 99
342 748 173
342 396 98
342 797 226
342 799 37
342 607 76
343 976 13
343 855 23
343 888 46
343 682 25
343 860 158
343 927 97
344 640 2
344 417 109
344 802 46
344 819 17
344 516 115
344 469 92
344 970 25
344 747 78
344 955 5
344 364 218
344 477 38
344 894 70
344 639 68
345 432 293
345 690 74
345 758 25
345 715 106
345 654 70
345 750 98
346 403 166
346 580 65
346 600 96
346 458 195
346 540 4
346 988 84
346 398 37
346 399 5
347 961 8
347 404 32
347 838 28
347 649 54
347 829 269
348 850 16
348 539 19
348 379 27
349 451 45
349 676 18
349 581 34
349 774 42
349 998 115
350 800 153
350 769 101
350 689 102
350 353 47
350 740 174
350 932 27
350 711 98
350 521 128
351 704 212
351 722 261
351 387 226
351 852 147
351 774 139
351 878 79
351 975 236
352 881 40
352 819 68
352 884 91
352 568 20
352 380 67
352 861 187
352 558 113
352 367 28
352 671 29
353 361 41
353 714 48
353 602 92
353 492 212
354 577 134
354 630 96
354 712 115
354 364 10
354 605 16
354 383 96
355 403 88
355 847 19
355 943 25
356 978 65
356 998 49
356 793 29
356 507 7
356 925 26
356 525 37
356 943 69
357 594 126
357 994 17
358 514 106
358 771 291
358 659 135
358 517 14
358 683 79
358 462 154
359 657 9
359 438 155
359 488 99
359 475 22
360 467 65
360 452 85
360 534 70
360 904 117
360 538 141
360 395 5
360 699 147
360 444 133
360 445 62
360 397 32
360 558 341
361 371 251
361 376 38
361 792 134
361 828 85
361 637 45
361 494 185
362 448 17
362 848 3
362 963 22
362 438 29
362 364 14
362 876 38
363 419 28
363 966 197
363 968 84
363 683 5
364 608 2
364 562 11
364 963 49
364 611 37
364 772 213
364 996 151
364 436 150
364 856 243
364 840 22
364 616 18
364 921 17
364 924 144
364 541 109
364 398 369
365 809 79
366 979 233
366 388 71
366 999 78
366 478 124
367 659 5
367 423 139
367 715 140
368 593 95
368 705 143
368 467 171
368 805 13
368 472 16
368 426 46
369 386 212
369 594 94
369 978 395
369 581 28
369 696 313
369 634 12
370 496 44
370 755 196
370 919 62
370 376 144
370 890 37
370 955 78
370 971 108
370 861 6
370 431 46
371 928 65
371 897 71
371 545 179
371 739 111
371 952 9
371 520 89
371 430 238
371 462 95
371 687 30
372 784 4
372 386 19
372 453 285
372 699 87
372 750 375
372 814 128
373 562 259
373 966 30
373 760 63
373 601 126
373 862 113
374 610 114
374 451 57
374 684 123
374 383 94
375 820 336
375 645 71
375 424 40
375 872 66
375 569 67
375 734 47
376 643 91
376 984 25
376 860 6
376 861 29
376 573 82
377 400 47
377 608 175
377 849 70
377 680 72
377 425 24
377 778 14
377 938 259
377 748 10
377 492 244
377 462 168
378 464 189
378 913 467
378 947 85
378 837 35
378 501 31
378 409 16
378 826 114
378 862 116
379 901 92
379 781 24
379 909 479
379 431 22
380 819 166
380 390 13
380 663 81
380 888 95
380 650 13
381 625 3
381 756 28
381 406 88
381 842 20
381 571 171
382 592 103
382 464 5
382 900 209
382 984 151
382 874 14
382 716 20
382 844 24
382 925 74
382 622 97
382 959 218
383 452 403
383 693 124
383 680 13
383 409 90
383 441 80
383 686 16
383 494 141
384 963 35
384 982 30
384 935 22
384 760 49
384 569 50
384 825 11
384 718 28
385 726 7
385 811 52
385 764 7
385 847 87
386 851 87
386 775 38
386 762 39
386 410 68
386 879 5
387 848 37
387 736 11
387 865 20
387 579 78
387 997 58
387 486 30
387 487 141
387 920 112
387 936 81
387 974 334
387 926 7
388 425 94
388 908 157
388 446 164
389 992 70
389 689 78
389 978 10
389 446 74
390 804 105
390 952 143
390 959 98
390 879 76
391 449 261
391 452 158
391 708 41
391 760 71
391 681 27
391 393 42
391 843 8
391 670 33
392 690 25
392 452 124
392 808 243
392 632 63
392 875 91
392 668 41
392 862 264
392 815 136
393 400 31
393 545 20
393 785 101
393 482 31
393 980 88
393 582 39
393 617 71
393 411 154
393 910 20
393 655 72
394 949 86
394 901 191
394 857 71
394 953 38
395 496 61
395 900 64
395 492 103
395 829 27
395 525 126
395 991 55
396 641 97
396 673 192
396 548 81
396 838 246
396 970 135
396 571 4
396 910 26
397 816 51
397 496 257
397 809 172
397 458 7
397 667 138
397 876 395
397 909 14
397 398 200
398 416 86
398 448 33
398 417 189
398 980 36
398 454 14
398 507 216
398 925 47
398 686 210
398 702 91
399 544 183
399 880 245
399 677 29
399 409 267
399 825 83
399 651 45
399 621 18
400 483 8
400 404 174
400 999 23
400 731 396
400 494 25
401 834 43
401 879 127
402 432 21
402 610 90
402 990 18
403 721 9
403 705 3
403 435 5
403 725 4
403 821 196
403 470 16
403 680 59
403 846 108
404 681 7
404 797 82
404 815 2
405 770 43
405 642 91
406 625 79
406 915 56
406 500 8
406 758 236
406 904 150
406 890 76
406 651 11
406 635 153
406 892 53
407 720 11
407 434 71
407 627 27
407 759 292
407 810 200
407 974 87
407 558 50
408 675 16
408 612 196
408 789 13
408 598 192
408 743 9
408 798 12
409 760 176
409 584 73
409 521 34
409 617 133
409 603 56
410 724 10
410 550 21
410 875 11
410 572 366
410 637 14
411 869 60
411 871 98
411 891 151
412 737 87
412 834 6
412 580 294
412 901 110
412 838 12
412 934 16
412 696 24
412 697 56
412 441 36
412 490 282
412 475 17
413 737 121
413 676 25
413 533 21
413 617 172
414 707 99
414 790 9
414 470 34
414 909 110
414 415 40
415 610 3
415 552 233
415 636 359
416 601 156
416 809 334
416 959 64
417 805 292
417 677 66
417 598 4
417 582 78
417 455 2
417 521 13
417 426 40
417 812 29
417 863 27
418 769 211
418 805 149
419 465 183
419 723 92
419 916 338
419 711 17
419 599 44
420 865 123
420 627 62
420 711 79
420 471 6
420 762 31
421 544 50
421 452 34
421 933 4
422 833 4
422 738 169
422 661 230
422 953 62
422 527 37
423 452 192
423 743 56
423 441 58
423 557 136
424 576 26
424 936 29
424 665 99
425 484 48
425 756 220
425 493 160
426 560 12
426 690 21
426 786 133
426 470 70
426 888 42
427 636 111
427 844 359
427 717 195
427 591 170
428 832 4
428 946 34
428 868 146
428 775 87
428 471 69
428 824 6
428 682 128
428 700 12
428 749 17
429 689 209
429 849 177
429 546 39
429 932 139
429 951 38
429 682 340
429 780 79
429 749 59
430 594 73
430 708 445
430 678 106
430 552 20
430 814 12
430 670 68
431 560 4
431 434 85
431 452 115
431 987 4
432 608 39
432 887 27
432 587 37
432 445 65
432 654 456
432 526 63
432 734 135
433 656 3
433 708 383
433 797 264
433 478 76
434 896 8
434 691 35
434 917 377
434 655 4
435 483 25
435 675 11
435 793 87
436 592 256
436 544 199
436 497 40
436 900 191
436 932 362
436 439 301
436 920 29
436 538 203
436 991 60
437 496 221
437 949 28
438 817 327
438 774 38
438 854 16
438 792 18
438 698 2
438 970 19
438 988 30
438 829 117
439 720 11
439 780 22
440 707 5
440 581 88
440 647 152
440 473 34
440 831 59
441 722 18
441 501 3
441 950 193
441 871 238
441 697 46
441 891 70
442 692 34
442 503 309
442 857 54
442 491 48
442 589 269
443 593 28
443 705 179
443 770 6
443 931 48
443 504 715
443 920 10
443 591 67
444 720 33
444 849 25
444 642 182
444 517 352
444 919 11
444 839 262
444 568 200
444 936 39
444 729 142
445 657 170
445 693 3
445 921 11
445 655 158
446 502 13
446 470 262
446 954 110
446 461 12
446 909 571
446 926 37
447 966 113
447 919 8
447 459 15
448 898 95
448 868 210
448 724 68
448 839 195
448 798 45
449 804 70
449 484 119
449 454 20
449 743 32
449 572 38
450 482 9
450 836 112
450 709 28
450 503 73
450 585 191
450 811 57
450 716 41
450 862 64
451 832 17
451 963 30
451 468 10
451 661 381
451 623 91
452 705 9
452 539 118
452 941 145
452 718 39
453 497 19
453 597 3
453 549 98
453 702 149
454 530 42
454 805 127
454 918 322
454 713 98
454 683 191
455 737 59
455 610 19
455 787 449
455 519 45
455 654 65
455 463 100
456 547 387
457 530 60
458 801 107
458 738 21
458 904 98
458 986 62
458 701 179
458 798 29
459 803 9
459 707 269
459 580 17
459 950 84
459 888 56
459 923 18
459 655 80
460 994 14
460 580 2
460 536 173
460 809 29
460 475 176
461 507 189
461 763 145
461 686 124
462 720 6
463 592 94
463 656 41
463 597 220
463 614 150
463 822 28
463 617 368
464 832 29
464 939 63
464 653 143
464 701 80
464 895 5
465 935 63
465 474 211
465 718 65
466 480 73
466 801 263
466 854 57
466 983 12
466 712 4
466 591 18
467 869 114
467 665 183
467 634 2
467 843 40
467 511 90
467 991 108
468 627 96
468 933 172
468 712 44
468 859 237
468 555 112
468 734 142
468 703 158
469 946 24
469 579 243
469 840 118
469 842 53
469 749 153
469 989 243
469 958 22
470 624 163
470 816 133
470 887 26
471 803 292
471 532 98
471 981 10
471 789 339
471 747 76
472 657 341
472 817 96
472 706 44
472 805 5
472 613 12
472 905 16
472 986 224
472 875 134
473 720 2
473 992 155
473 953 231
473 490 13
474 741 9
474 935 17
474 829 189
474 510 103
474 942 100
475 857 305
475 749 82
476 720 115
476 963 156
476 601 135
476 941 141
476 926 92
476 735 119
477 757 19
477 793 14
477 524 162
477 623 137
478 849 116
478 483 75
478 995 133
478 485 78
478 918 144
478 998 34
478 791 131
478 762 70
478 875 160
479 593 50
479 961 219
479 843 10
479 686 3
480 739 21
480 883 69
480 919 212
480 984 134
480 714 34
480 571 28
481 919 44
481 583 83
481 647 4
481 568 99
481 970 41
481 958 46
482 484 21
482 936 23
482 490 7
482 970 79
482 491 73
482 588 173
483 964 27
483 790 567
483 601 16
483 539 86
483 924 204
483 701 18
483 863 250
484 708 455
484 902 22
484 847 31
485 993 11
485 806 20
486 995 20
486 549 532
486 757 144
486 603 137
486 987 26
486 940 128
486 878 14
486 639 37
487 688 35
487 946 38
487 866 163
487 578 8
487 868 15
487 773 226
487 810 78
488 896 109
488 977 137
488 930 19
488 516 16
488 757 389
488 572 42
488 524 186
489 850 31
489 789 56
489 521 15
489 793 20
489 954 220
489 894 233
490 755 77
490 583 12
490 872 144
490 893 33
491 629 65
491 982 86
491 567 54
491 775 487
491 973 103
491 990 25
492 672 71
492 500 367
492 710 27
492 712 201
492 895 53
493 721 132
493 530 402
493 659 7
493 790 79
494 580 61
494 588 69
494 639 44
495 785 103
495 497 25
495 963 154
495 643 14
495 884 3
495 780 59
496 884 38
496 937 11
497 547 66
497 821 97
497 854 42
497 748 34
498 705 75
498 727 45
498 791 412
498 809 7
498 876 253
498 895 41
499 928 166
499 994 148
499 903 119
499 537 369
499 765 8
499 734 81
500 906 195
500 847 174
501 595 153
501 789 48
501 956 125
502 807 160
502 712 32
502 635 33
502 861 161
502 573 35
502 958 121
503 593 183
503 937 33
503 668 33
504 931 97
504 725 21
504 613 13
504 634 26
504 795 9
504 956 49
504 830 10
505 578 92
505 632 60
505 728 75
505 968 15
505 815 128
506 898 9
506 675 124
506 838 84
506 966 40
506 587 55
507 848 250
507 580 135
507 950 37
507 551 89
507 905 133
507 861 111
508 514 149
508 950 66
508 713 189
508 649 119
508 842 156
509 560 44
509 866 99
509 575 114
510 754 61
510 901 22
510 997 6
510 890 11
510 798 122
511 880 111
511 740 140
511 726 48
511 519 43
511 568 56
511 875 5
512 864 25
513 976 52
513 675 89
513 599 280
513 744 8
513 552 31
513 671 160
514 566 12
514 985 22
514 748 57
514 796 28
515 785 514
515 546 37
515 818 174
515 980 117
515 934 10
515 938 23
516 518 57
516 822 4
516 924 88
517 757 75
517 998 13
517 984 117
517 538 226
517 939 56
517 959 110
518 993 13
518 881 40
518 997 229
518 763 246
518 718 232
519 597 9
519 630 46
519 790 16
519 775 10
519 905 58
519 845 24
520 978 172
520 566 42
520 696 99
520 841 100
520 571 58
520 798 112
521 999 47
521 620 109
522 865 11
522 850 195
522 931 4
522 651 143
523 561 146
523 754 9
523 979 58
523 729 159
523 969 21
523 602 30
523 733 154
523 927 286
524 787 91
524 981 21
524 921 4
525 640 64
525 867 108
525 899 104
525 570 60
525 828 60
525 796 68
525 879 196
526 673 15
526 628 138
526 745 18
526 716 202
526 940 22
526 606 43
527 995 56
527 756 58
527 712 3
528 945 9
528 961 175
528 627 44
529 661 20
529 603 93
529 750 122
529 606 52
530 960 112
530 545 100
530 595 22
531 811 105
531 813 44
532 807 18
532 935 156
532 666 21
533 612 13
533 965 18
533 679 57
533 665 156
533 937 58
534 961 205
534 680 124
534 744 155
535 909 59
536 848 39
536 836 5
536 903 175
536 682 94
536 699 26
537 860 110
537 796 71
538 944 42
538 723 88
538 564 48
538 901 42
538 959 310
539 753 11
539 743 54
539 586 96
540 768 2
540 594 114
540 725 108
540 744 17
540 648 25
540 762 41
540 957 44
541 574 136
541 543 74
542 832 92
542 544 36
542 563 38
542 725 119
542 969 4
542 649 94
543 709 36
543 678 28
543 936 685
543 667 156
543 813 9
543 974 140
544 821 312
544 746 27
544 635 264
544 718 115
545 757 32
545 759 32
545 926 62
546 548 78
546 981 516
546 938 29
547 928 199
547 834 24
547 725 15
548 768 137
548 976 51
548 897 83
548 837 137
548 826 38
549 658 20
549 724 24
549 654 72
550 769 29
550 753 22
550 850 4
550 772 39
550 631 31
550 905 28
551 567 43
551 888 10
552 897 36
552 915 7
552 723 31
552 676 146
552 663 192
552 554 172
552 652 59
553 929 35
553 979 46
553 744 93
553 664 47
553 748 187
554 936 32
555 812 64
556 913 2
556 867 65
556 981 24
556 854 73
556 599 85
556 797 53
556 653 115
556 557 54
556 622 230
557 833 18
557 970 66
557 862 33
558 673 107
558 998 144
558 888 36
558 984 43
558 622 16
558 638 55
559 790 326
559 923 48
559 732 439
560 962 156
560 979 98
560 891 42
560 844 149
561 930 35
561 819 38
561 966 35
561 585 72
561 907 29
561 910 27
562 969 43
562 923 142
562 717 13
562 989 224
563 899 118
563 822 88
563 647 10
563 829 67
564 738 54
564 724 26
564 699 95
564 572 86
564 781 87
564 831 13
565 866 38
565 822 37
565 842 82
567 833 4
567 961 212
567 679 101
567 711 190
567 839 127
567 699 23
567 877 16
567 639 74
568 754 271
569 928 31
569 866 37
569 835 7
569 745 101
569 922 73
569 797 199
569 989 8
569 654 31
570 833 173
570 757 6
570 950 276
570 775 19
571 723 73
571 964 273
571 765 168
572 994 33
572 642 9
572 869 116
572 620 68
572 638 82
573 944 63
573 827 125
573 926 92
574 679 227
574 923 15
574 779 118
574 894 53
574 943 186
575 933 66
575 761 186
575 589 42
576 828 43
576 764 2
576 588 190
577 769 32
577 817 37
577 803 14
578 609 83
578 946 28
578 579 301
578 983 36
578 839 251
579 997 168
579 821 28
579 668 118
580 944 41
580 853 112
580 694 73
580 631 51
580 936 50
580 908 134
580 877 112
581 768 39
581 592 30
581 737 72
581 981 153
581 598 392
581 856 47
581 888 48
581 747 11
582 760 20
582 682 62
582 972 69
582 861 277
582 654 124
583 666 149
583 925 77
585 808 477
585 616 14
585 824 26
585 892 64
585 799 190
586 762 104
586 991 19
587 983 107
587 663 71
587 603 322
587 605 31
587 847 346
588 773 122
588 954 38
588 703 35
590 817 35
591 816 49
591 625 166
591 947 470
591 998 370
591 968 14
591 824 39
591 921 123
591 652 8
591 701 240
591 974 64
591 814 346
592 770 71
592 755 18
592 633 10
592 650 70
592 749 73
594 711 146
594 973 7
594 991 34
595 833 116
595 737 163
595 804 271
595 662 317
596 977 4
596 900 11
596 988 225
597 976 74
597 915 107
597 647 125
597 762 125
598 609 211
598 674 105
598 741 48
598 927 172
599 726 134
599 745 22
599 828 17
599 669 196
599 830 136
600 875 168
600 877 2
601 915 27
601 632 232
601 970 257
602 694 2
602 670 105
603 979 18
603 773 264
603 792 143
603 620 36
603 829 3
604 627 165
604 822 127
606 854 37
606 759 66
606 778 20
606 923 137
607 697 297
607 635 81
607 717 118
607 799 208
608 936 11
609 896 15
609 914 7
609 803 33
609 917 21
609 890 108
610 640 11
610 785 92
610 643 15
610 794 14
611 689 355
611 967 61
611 875 250
611 813 100
611 782 3
611 863 115
612 944 219
612 705 64
612 691 31
612 726 12
612 793 56
612 763 283
613 800 61
613 801 51
613 658 266
613 754 76
613 906 85
613 639 14
614 662 53
614 908 19
614 796 82
615 657 202
615 996 93
615 685 194
616 789 48
616 745 6
616 735 154
617 773 8
617 854 33
617 904 122
617 749 44
618 865 6
618 802 58
618 723 98
618 923 186
618 878 4
619 985 24
619 683 53
619 829 122
620 850 28
620 775 64
620 685 26
620 958 348
620 734 141
620 911 22
621 837 14
621 983 74
621 889 183
621 697 103
621 747 26
621 813 108
622 785 177
622 826 8
622 863 38
622 959 29
623 932 260
623 662 135
623 906 115
623 747 6
624 743 19
624 922 65
625 960 94
625 785 128
625 996 17
625 923 324
626 950 31
626 854 102
627 816 22
627 945 32
627 937 137
627 780 50
627 942 66
628 753 216
628 713 3
628 746 38
628 780 22
628 685 19
628 781 67
628 845 109
629 914 54
629 739 79
629 820 33
630 690 210
630 851 7
630 969 24
630 637 59
631 639 88
632 698 36
632 826 296
632 957 76
632 846 11
633 688 146
633 833 90
633 739 179
633 709 171
633 789 57
633 853 51
633 871 26
633 777 148
633 939 75
633 971 148
633 766 40
634 961 58
634 869 43
634 873 48
635 775 234
635 828 181
635 862 18
635 782 118
636 866 35
636 871 19
636 685 186
636 926 118
637 707 29
637 935 52
638 737 137
638 760 267
639 896 72
639 816 17
639 758 13
639 679 127
640 834 99
640 744 101
640 879 16
641 962 177
641 835 63
641 963 294
641 884 201
641 958 190
642 657 138
642 696 44
642 648 83
642 844 16
642 669 304
642 701 107
643 767 32
644 649 52
644 907 50
644 718 72
645 902 115
647 758 66
647 839 22
648 820 157
648 982 135
648 811 265
649 769 8
649 659 29
649 756 3
649 805 30
649 681 224
649 654 11
650 952 31
650 762 130
651 720 7
651 657 197
651 834 12
651 788 48
651 710 46
651 918 246
651 663 221
652 928 302
652 954 77
653 817 152
653 711 86
653 969 30
653 795 30
654 656 5
654 937 228
655 726 44
655 823 6
655 974 157
656 710 116
656 807 193
656 776 113
656 844 18
656 702 60
657 912 274
657 962 145
657 899 105
657 999 85
657 762 46
657 941 35
658 736 191
658 689 6
659 935 39
659 877 51
660 854 36
661 992 76
661 801 4
661 699 39
662 875 88
662 733 10
663 866 62
663 803 19
663 679 83
663 839 49
663 701 88
663 671 145
664 978 115
664 707 86
664 822 64
664 921 2
664 954 22
664 942 419
664 959 23
665 946 80
665 917 44
666 802 129
666 804 13
666 950 99
666 874 74
666 891 22
666 892 9
666 893 25
667 832 351
667 802 92
667 867 36
667 772 39
667 824 42
668 836 41
668 812 10
668 799 183
669 737 68
669 851 153
669 707 124
669 686 4
669 671 145
671 977 79
671 817 33
671 756 32
671 861 130
672 750 80
673 769 112
674 913 17
674 794 55
674 861 206
675 963 168
675 727 53
675 958 118
676 752 92
676 871 5
676 935 375
676 697 138
676 799 130
677 697 75
678 881 203
678 757 54
678 853 27
678 941 107
679 790 49
679 776 228
679 937 404
679 925 392
680 868 94
680 841 119
680 956 54
681 741 20
682 736 282
683 821 326
683 774 77
683 699 652
683 751 74
684 919 268
684 958 11
684 814 67
684 959 7
684 847 9
685 742 36
686 713 37
686 858 9
687 961 42
687 790 355
687 764 3
687 909 185
688 889 49
688 969 33
688 954 6
688 860 188
688 876 60
688 877 179
689 910 54
690 722 21
690 851 8
690 983 19
691 748 61
692 754 82
692 771 11
692 844 150
692 990 29
693 928 105
693 706 140
693 981 93
694 721 94
694 860 11
695 896 40
695 929 43
695 884 25
696 877 77
697 876 258
697 700 202
697 830 28
698 817 29
698 946 21
698 770 44
698 750 109
699 712 152
699 808 75
699 841 91
699 906 13
699 731 105
699 909 123
700 858 390
700 859 98
701 741 156
701 854 144
701 919 23
701 842 91
701 718 6
702 752 217
703 912 8
703 865 92
703 811 129
704 820 173
704 933 48
704 742 27
704 838 16
704 873 695
704 843 16
704 812 172
705 747 186
706 964 12
706 886 187
706 907 99
707 889 4
708 816 29
708 881 78
708 972 10
708 813 60
709 992 4
709 963 166
709 731 68
710 769 71
710 742 74
711 998 128
711 968 117
711 732 75
711 764 483
712 801 30
712 846 216
713 833 129
713 918 134
713 727 6
713 792 453
713 747 61
714 994 80
714 733 72
715 968 13
715 746 142
715 926 3
716 800 343
716 897 167
716 892 18
716 767 25
717 959 60
717 879 178
718 887 10
718 845 29
719 792 184
719 969 159
719 874 160
720 877 284
720 927 119
721 979 9
721 767 15
722 756 85
722 806 102
722 905 84
722 926 113
723 832 81
723 937 43
723 959 135
723 735 47
724 726 79
725 960 88
725 791 2
725 776 95
725 824 29
725 990 35
726 854 313
726 743 200
726 875 179
727 897 4
727 887 2
727 985 6
727 841 83
727 908 99
728 881 166
728 739 18
728 824 147
728 924 16
728 973 35
729 793 15
729 907 72
729 797 18
730 896 58
730 881 150
730 916 56
730 932 327
730 918 231
731 935 10
731 811 112
732 944 53
732 738 39
732 901 185
732 846 166
733 850 53
733 743 37
733 951 49
733 750 34
734 969 100
734 859 57
734 815 160
735 836 4
735 967 28
735 859 120
736 881 47
736 737 26
736 900 141
736 837 62
736 923 27
736 831 96
737 993 276
737 770 2
737 838 129
738 976 2
738 804 145
738 919 6
738 799 31
738 927 10
739 788 72
739 919 159
739 795 283
740 915 55
740 899 19
740 743 56
740 973 23
740 927 71
741 992 204
741 825 98
741 911 25
742 853 168
742 973 31
743 856 33
744 835 7
744 902 34
744 761 34
745 942 122
745 927 311
746 798 65
747 770 174
748 816 366
748 968 197
748 843 39
749 976 20
749 899 439
749 758 182
749 775 135
749 824 125
749 825 56
749 925 2
750 881 17
750 886 57
751 994 116
751 805 136
751 797 30
752 842 27
752 843 42
753 976 318
753 981 20
754 784 98
754 999 77
754 766 31
755 930 175
755 996 113
755 870 458
756 894 24
757 904 409
758 884 29
758 806 21
758 907 24
759 818 172
760 828 64
760 973 24
761 914 134
762 789 297
762 855 174
762 952 32
762 991 132
763 864 61
764 837 178
764 997 90
764 904 88
764 778 67
764 987 58
765 809 344
765 942 293
765 911 45
766 913 28
766 922 168
767 834 9
768 963 123
768 926 70
769 941 105
769 846 63
770 918 127
771 896 218
771 804 107
772 864 72
772 801 6
772 834 48
772 873 70
772 940 3
774 992 24
774 982 32
775 964 72
775 777 141
775 874 57
775 797 67
775 927 55
776 811 29
777 796 41
779 900 16
779 884 22
779 846 264
780 929 155
780 804 224
780 790 22
780 842 380
780 970 18
780 798 46
780 958 87
781 817 276
782 870 2
782 844 353
783 832 23
783 808 57
784 809 58
785 907 14
786 855 2
786 942 235
787 881 93
787 963 37
787 935 26
788 840 259
789 865 19
789 881 146
789 806 246
790 928 7
790 921 175
790 892 19
792 882 320
792 923 93
793 914 60
793 835 55
793 948 106
793 805 27
795 927 216
796 944 113
796 995 25
796 949 11
796 973 127
797 818 29
797 835 116
797 948 16
797 870 23
798 958 2
801 944 52
801 905 50
802 821 128
802 807 103
802 892 395
802 974 14
803 991 165
804 928 26
804 914 113
804 933 8
804 855 48
805 843 20
806 964 96
806 876 57
807 854 41
807 951 86
808 883 176
808 948 28
809 977 36
809 913 115
811 813 172
811 958 64
811 910 276
812 971 42
812 973 45
814 960 95
814 885 19
814 919 202
814 863 10
815 888 22
815 891 53
816 924 19
818 964 237
818 954 124
818 847 295
819 821 29
819 936 37
820 976 40
820 850 46
820 917 137
822 950 48
822 971 144
824 992 18
824 893 78
825 896 3
825 871 96
825 991 17
826 878 120
827 947 83
828 886 291
828 894 83
829 835 24
829 995 21
829 919 91
829 936 45
829 845 287
829 862 178
830 917 119
830 955 7
831 833 12
832 900 76
833 858 170
835 901 80
835 879 75
836 956 48
836 876 14
838 955 2
839 962 17
839 957 40
840 963 75
840 967 34
840 893 81
841 972 79
842 962 165
842 895 57
843 923 52
844 980 72
844 919 63
845 997 62
846 983 56
846 953 196
846 954 107
847 979 139
847 857 35
847 956 39
847 941 17
849 950 15
849 907 84
849 895 59
850 912 309
851 978 23
851 882 136
851 856 41
852 887 49
852 989 70
853 909 86
854 965 55
854 989 96
856 880 61
856 913 55
857 919 13
858 977 8
859 896 58
860 993 25
861 896 24
861 948 415
862 944 24
862 921 49
865 928 17
865 980 48
865 876 74
865 972 190
866 928 162
866 883 112
867 905 9
867 877 63
868 966 29
869 931 14
869 905 57
869 991 162
871 995 11
871 967 156
872 986 7
873 909 131
874 914 56
876 914 161
876 995 19
877 895 66
878 903 34
878 943 169
879 993 131
880 936 3
882 896 116
884 885 60
887 915 152
887 984 59
889 947 212
889 997 72
890 969 20
891 896 176
892 896 33
892 996 200
892 969 27
893 994 27
894 950 17
894 937 38
895 940 41
898 959 269
900 901 181
902 909 25
903 977 11
903 950 186
904 969 43
905 931 38
905 908 49
909 947 84
909 943 177
910 944 304
910 995 46
910 927 58
911 967 201
914 924 9
916 978 43
916 956 41
917 943 212
921 934 45
921 942 21
922 928 36
922 960 150
924 999 3
925 984 42
927 994 339
927 974 33
928 956 6
929 994 103
929 970 240
931 938 60
932 956 10
934 937 22
935 995 22
937 992 120
937 950 8
939 953 33
946 969 12
946 971 104
949 990 313
951 954 131
953 970 142
958 976 99
959 999 53
970 989 17
972 988 150
978 994 85
978 995 87
980 999 50
982 998 63
988 995 7
993 999 127
