1000
0 48 1007
0 689 493
0 68 246
0 260 419
0 949 271
0 837 671
0 582 1333
0 119 809
0 327 684
0 840 335
0 906 685
0 459 529
0 108 1276
0 702 593
0 910 614
0 447 383
1 640 1297
1 241 482
1 114 599
1 980 376
1 244 845
1 695 525
1 120 715
1 329 696
1 425 985
2 32 421
2 659 686
2 467 987
2 183 779
2 903 869
2 570 373
2 124 1094
2 748 566
2 622 807
2 718 537
2 286 323
3 257 500
3 980 1479
3 776 533
3 746 532
3 42 511
3 235 449
3 717 573
3 350 493
3 863 514
3 543 980
4 977 770
4 327 460
4 266 640
4 58 620
4 989 701
5 577 711
5 289 586
5 306 904
5 722 260
5 102 881
5 822 793
5 23 473
6 128 455
6 81 580
6 403 771
6 932 785
6 534 756
6 183 1004
6 167 668
6 967 543
6 456 750
6 728 901
6 936 385
6 824 593
6 475 526
6 139 778
6 237 1059
6 301 422
6 239 474
7 224 1030
7 498 550
7 787 868
7 918 565
7 201 486
7 363 630
7 221 1119
7 349 568
7 254 1006
7 559 401
8 416 474
8 656 874
8 545 867
8 225 768
8 146 683
8 69 1111
8 742 1359
8 39 971
8 681 578
8 249 567
8 874 636
8 170 1269
8 461 470
8 669 274
8 349 627
8 926 644
8 207 1131
8 863 244
9 753 1145
9 930 640
9 515 787
9 629 668
9 453 1121
9 729 214
9 409 848
9 731 619
9 669 305
9 557 1068
9 622 491
9 943 926
10 178 389
10 562 806
10 802 780
10 50 652
10 660 759
10 292 412
10 518 472
10 967 383
10 681 923
10 42 629
10 11 540
10 731 635
10 12 673
10 286 464
10 991 539
11 496 641
11 289 911
11 450 843
11 851 666
11 404 448
11 743 958
11 827 579
11 444 1121
11 862 523
11 719 807
11 543 864
11 495 715
12 736 599
12 883 862
12 775 453
12 439 938
12 24 663
12 362 418
12 202 1260
12 794 499
12 443 609
12 925 578
12 350 1299
12 543 644
12 15 999
12 223 915
13 416 317
13 579 687
13 36 1038
13 660 415
13 101 789
13 407 584
13 393 484
13 42 1004
13 715 368
13 926 239
13 14 776
14 240 359
14 160 591
14 192 200
14 145 820
14 859 566
14 957 952
14 718 1133
14 526 312
14 831 400
15 529 301
15 530 430
15 837 1175
15 217 322
15 233 514
15 746 442
15 442 319
16 915 1465
16 856 1029
16 923 535
16 251 588
16 491 855
16 636 429
17 437 631
17 695 467
17 763 513
17 445 671
17 830 730
17 158 438
17 174 733
18 981 1266
18 742 780
18 56 385
18 362 1432
18 666 528
18 698 421
19 416 267
19 640 568
19 865 906
19 822 726
19 487 610
19 104 561
19 282 304
19 859 833
19 367 640
19 399 394
20 768 369
20 816 414
20 978 1326
20 482 669
20 483 969
20 788 759
20 950 831
20 390 831
20 648 297
20 201 609
20 843 614
20 286 573
20 879 672
20 527 747
21 465 1013
21 915 758
21 502 971
21 552 559
21 43 512
21 813 519
21 398 1173
21 815 945
22 97 1334
22 755 609
22 437 359
22 778 540
22 219 1260
22 716 675
22 910 646
22 831 1225
23 641 1771
23 35 760
23 918 450
23 632 619
23 73 848
23 346 543
23 554 394
23 971 779
23 157 823
23 813 960
24 656 594
24 912 374
24 210 829
24 179 533
24 723 1296
24 373 1022
24 613 524
24 150 880
24 358 517
24 762 459
24 635 1010
25 34 551
25 482 679
25 258 477
25 451 946
25 196 863
25 404 337
25 341 753
25 88 399
25 249 330
25 585 1267
25 378 631
25 383 554
26 992 1362
26 704 1103
26 65 705
26 84 756
26 279 1200
26 551 1644
26 540 564
26 572 379
26 28 926
26 973 318
26 527 412
27 384 645
27 464 913
27 801 874
27 803 604
27 403 869
27 212 448
27 934 667
27 470 537
27 248 543
27 154 330
27 602 795
27 762 486
27 971 612
27 605 480
27 941 1013
27 846 761
27 543 923
28 564 424
28 244 443
28 164 600
28 102 604
29 706 1074
29 980 367
29 534 741
29 566 566
29 870 603
29 200 1169
29 668 747
29 718 541
29 863 672
29 143 810
30 148 1224
30 916 790
30 596 628
30 597 868
30 518 624
30 758 874
30 440 906
30 602 1094
30 426 968
30 861 962
30 669 824
30 158 697
31 100 893
31 630 379
31 87 706
31 489 419
31 490 503
31 618 1147
31 283 745
31 716 1096
31 558 999
32 369 830
32 82 1036
32 307 274
32 579 410
32 85 537
32 839 778
32 808 1443
32 344 960
32 508 783
32 700 529
32 622 1093
32 319 499
33 897 762
33 834 371
33 963 278
33 435 943
33 132 577
33 565 623
33 789 1316
33 358 930
33 118 601
33 152 764
33 969 802
33 380 1030
33 237 629
33 733 483
33 703 186
34 704 551
34 483 557
34 307 427
34 115 984
34 501 550
34 279 847
34 471 668
34 295 801
34 392 917
34 216 821
34 616 930
34 285 345
34 79 832
35 304 799
35 544 309
35 194 1145
35 83 628
35 372 447
35 630 793
35 550 444
35 998 321
35 90 366
35 618 418
35 781 479
35 413 993
35 591 792
36 880 378
36 402 274
36 115 566
36 261 567
36 360 1026
36 216 471
36 441 390
36 715 555
36 427 584
36 971 1095
36 301 424
36 655 419
37 433 1182
37 737 421
37 835 878
37 931 312
37 227 746
37 53 678
37 502 601
37 791 878
37 344 562
37 761 563
38 849 551
38 948 740
38 676 570
38 341 505
38 534 650
38 215 751
38 152 431
38 362 700
38 874 646
38 286 658
38 431 559
39 114 917
39 627 455
39 292 507
39 262 534
39 999 748
39 168 1245
39 42 564
39 635 874
39 158 739
39 494 569
40 50 665
40 643 700
40 950 983
40 538 1074
40 362 271
40 794 661
40 539 693
40 527 579
41 710 411
41 934 807
41 406 350
41 839 347
41 654 590
41 431 610
42 224 389
42 880 1229
42 868 843
42 422 576
42 151 601
42 968 897
42 329 1762
42 361 653
42 345 1409
42 410 728
42 219 842
42 44 568
42 318 890
42 382 601
43 48 1188
43 528 424
43 625 893
43 532 822
43 340 789
43 582 808
43 713 970
43 841 668
43 970 826
43 508 490
43 780 973
44 945 798
44 662 493
44 89 637
44 329 1204
44 921 842
44 78 654
44 878 412
44 447 604
44 303 1208
45 368 591
45 752 605
45 80 677
45 769 504
45 833 461
45 803 1052
45 963 1111
45 276 448
45 724 1205
45 680 659
45 316 456
45 334 692
45 223 917
46 624 717
46 210 1070
46 595 673
46 340 593
46 292 513
46 949 660
46 901 517
46 423 1051
46 311 457
46 344 861
46 200 534
46 809 534
46 347 552
46 59 559
46 334 771
47 656 784
47 752 810
47 884 606
47 309 241
47 613 916
47 551 1659
47 184 538
47 830 370
47 927 525
48 385 312
48 834 368
48 722 505
48 99 815
48 596 608
48 886 606
48 826 907
48 715 840
48 171 964
48 461 745
49 849 448
49 546 555
49 243 490
49 997 1038
49 53 747
49 150 599
49 646 454
49 698 849
49 926 418
49 319 1136
50 880 1002
50 276 598
50 790 591
50 631 622
50 969 539
50 441 789
50 410 527
50 926 497
50 767 589
51 897 798
51 66 268
51 706 935
51 354 890
51 118 748
51 825 667
51 650 702
51 252 348
51 447 751
51 511 445
51 255 489
52 704 434
52 579 327
52 983 1296
52 56 1333
52 861 577
52 207 693
52 351 730
53 272 167
53 692 770
53 981 661
53 757 1392
53 534 545
53 950 472
53 214 609
53 758 358
53 571 636
53 718 544
53 143 558
54 400 447
54 865 601
54 897 762
54 594 358
54 355 389
54 709 847
54 389 635
54 150 409
54 854 571
54 488 1071
54 59 443
54 447 267
55 736 427
55 978 654
55 658 481
55 402 842
55 307 616
55 691 825
55 164 1086
55 85 868
55 422 594
55 983 836
55 663 819
55 75 1441
55 412 939
55 174 674
56 96 459
56 224 504
56 641 772
56 851 303
56 311 742
56 759 684
56 407 775
56 649 527
56 332 451
56 573 659
56 669 1036
56 798 465
56 63 595
57 400 442
57 641 1332
57 386 465
57 947 710
57 743 624
57 903 368
57 345 1183
57 825 650
57 62 567
58 658 923
58 499 647
58 341 775
58 823 639
58 872 1452
58 890 1009
58 895 458
59 208 593
59 594 849
59 340 445
59 505 450
59 217 858
59 281 327
59 441 1007
59 714 1359
59 923 701
59 795 810
59 845 1182
59 669 884
59 159 445
60 402 364
60 983 1006
60 328 350
60 106 310
60 494 1045
60 526 602
60 111 579
61 817 706
61 771 493
61 371 643
61 868 1103
61 521 584
61 318 332
62 224 590
62 320 561
62 437 883
62 310 705
62 584 878
62 633 668
62 890 639
62 172 505
63 432 247
63 197 730
63 233 951
63 892 774
63 940 414
63 670 1034
63 511 617
64 452 537
64 533 1083
64 566 1040
64 310 1267
64 295 1053
64 856 690
64 985 596
64 605 717
64 286 499
65 834 893
65 357 1097
65 949 233
65 138 643
65 619 890
65 958 757
65 927 350
66 304 525
66 161 792
66 177 1202
66 706 871
66 771 541
66 644 1058
66 277 274
66 633 440
66 138 735
66 397 630
67 578 781
67 499 1027
67 263 672
67 616 657
67 107 591
67 956 295
67 639 270
68 928 608
68 97 393
68 357 863
68 406 481
68 263 929
68 905 710
68 490 987
68 238 725
68 718 348
69 755 984
69 963 1204
69 564 1261
69 853 977
69 487 640
69 712 221
69 825 766
69 956 439
69 381 544
69 543 298
69 815 379
69 319 419
70 627 373
70 468 943
70 629 508
70 887 373
70 952 470
70 153 665
70 858 1012
70 298 840
70 507 571
70 203 739
70 271 792
71 994 592
71 498 897
71 119 487
71 152 537
71 442 507
71 924 418
71 367 636
71 383 505
72 641 1235
72 131 637
72 708 1222
72 360 430
72 745 668
72 127 665
72 287 942
72 911 598
73 128 606
73 162 443
73 322 552
73 803 663
73 579 856
73 231 1080
73 296 474
73 938 738
73 75 858
73 508 606
73 540 450
73 204 801
73 972 955
73 111 704
74 400 635
74 513 688
74 547 515
74 344 589
74 88 920
74 217 430
74 761 771
74 570 1406
74 764 1420
74 204 762
74 398 621
74 655 515
74 991 512
75 752 774
75 417 460
75 571 827
75 236 694
75 477 755
75 685 1000
76 400 666
76 882 434
76 950 932
76 647 225
76 635 548
77 337 877
77 193 468
77 705 560
77 434 459
77 424 430
77 329 1113
77 457 454
77 441 277
77 427 524
77 317 978
77 734 508
77 607 465
78 211 646
78 547 620
78 356 676
78 212 755
78 859 757
78 349 275
78 158 574
78 79 616
78 703 451
79 225 1207
79 737 599
79 114 412
79 724 538
79 566 453
79 774 431
79 86 699
79 854 646
79 760 508
79 858 653
79 859 480
79 893 1077
79 430 908
79 590 627
80 720 704
80 608 560
80 769 846
80 753 458
80 403 629
80 883 517
80 470 808
80 375 701
81 321 450
81 242 577
81 179 957
81 147 457
81 456 876
81 472 882
81 537 1242
81 477 701
81 365 335
81 639 304
81 111 457
82 304 419
82 513 489
82 674 822
82 886 840
82 535 968
82 233 726
82 714 564
82 332 500
82 108 765
82 285 401
83 672 812
83 737 452
83 546 343
83 836 249
83 537 1464
83 426 1278
83 250 675
83 522 621
83 829 544
83 685 516
83 493 634
83 862 573
84 466 765
84 645 856
84 839 421
84 185 1083
84 364 948
84 573 745
84 701 853
84 926 795
84 318 464
85 817 583
85 642 692
85 227 322
85 534 420
85 870 1198
85 822 448
85 122 810
85 894 513
86 549 882
86 758 700
86 614 750
86 920 468
86 299 536
86 269 480
86 974 655
86 911 1180
87 625 298
87 129 1034
87 673 517
87 579 382
87 886 446
87 182 582
87 374 514
87 935 695
87 797 754
87 318 397
87 766 717
88 608 544
88 611 656
88 276 632
88 340 332
88 932 966
88 981 460
88 645 744
88 838 778
88 280 548
88 95 518
89 273 875
89 337 1123
89 850 916
89 947 476
89 323 417
89 532 620
89 116 422
89 821 508
89 455 814
89 855 444
89 971 799
89 524 296
89 940 1442
89 797 988
89 237 335
89 783 731
90 784 716
90 962 695
90 932 809
90 823 486
90 220 667
91 368 694
91 161 613
91 179 497
91 921 769
91 489 896
91 697 391
91 509 929
92 874 875
92 925 378
92 334 369
92 702 1351
93 437 1474
93 425 750
93 474 549
93 766 200
94 546 1243
94 310 954
94 359 723
94 397 1331
94 973 907
95 178 646
95 419 452
95 492 579
95 316 645
95 380 940
95 301 337
95 989 1223
95 718 606
96 752 706
96 773 1047
96 677 336
96 614 661
96 568 778
96 991 453
97 112 535
97 721 556
97 785 917
97 466 1059
97 244 430
97 885 598
97 504 528
97 936 878
97 921 972
97 666 428
97 491 846
97 203 500
98 944 1012
98 612 476
98 565 841
98 360 913
98 488 430
98 264 617
99 384 271
99 496 810
99 483 279
99 499 1402
99 549 791
99 758 721
99 969 1370
99 938 816
99 572 282
99 380 497
99 333 736
99 173 1004
100 304 564
100 417 1104
100 931 1410
100 819 547
100 644 1154
100 358 721
100 809 354
100 346 482
100 730 1018
101 144 814
101 515 928
101 373 618
101 328 418
101 456 361
101 173 851
101 381 441
101 991 227
101 815 643
102 242 814
102 258 482
102 387 598
102 165 496
102 183 804
102 759 497
102 841 1370
102 221 781
103 353 672
103 722 488
103 642 423
103 515 494
103 643 381
103 532 466
103 405 433
103 199 503
103 728 495
103 491 801
103 316 644
103 972 485
103 126 444
104 960 762
104 548 354
104 404 369
105 496 910
105 786 494
105 243 869
105 820 1102
105 938 816
105 238 587
106 657 918
106 817 879
106 530 704
106 120 1281
106 712 432
106 874 922
106 539 465
106 765 642
106 942 757
106 719 576
106 255 832
107 177 462
107 259 509
107 901 388
107 678 292
107 554 424
107 555 1057
107 652 844
107 237 519
107 382 1150
108 785 1143
108 259 410
108 533 675
108 710 1144
108 439 788
108 456 627
108 395 798
108 748 628
109 401 568
109 498 749
109 259 317
109 164 991
109 984 803
109 217 1213
109 378 415
109 140 793
109 686 846
109 638 395
110 416 781
110 451 559
110 564 649
110 167 634
110 744 486
110 376 640
110 985 583
110 428 589
110 751 515
111 897 648
111 193 589
111 658 945
111 707 869
111 147 443
111 437 688
111 551 1017
111 680 1116
111 649 892
111 698 560
111 300 310
111 445 559
111 173 834
111 671 922
112 276 884
112 197 1292
112 774 914
112 648 683
112 685 562
112 526 588
112 223 780
113 768 372
113 770 518
113 642 572
113 803 414
113 468 450
113 917 360
113 183 596
113 296 396
113 649 950
113 332 388
114 882 710
114 996 789
114 825 535
114 267 746
114 315 717
114 203 782
114 795 851
114 909 1192
115 496 592
115 209 1034
115 374 675
115 359 818
115 968 742
115 907 501
115 302 1008
115 718 477
116 946 549
116 419 899
116 755 667
116 180 1115
116 436 902
116 886 750
116 887 730
116 599 488
116 811 467
116 380 815
116 287 583
117 432 622
117 387 1106
117 324 744
117 951 751
118 144 1300
118 769 408
118 305 510
118 131 994
118 517 555
118 822 566
118 842 581
118 234 669
118 827 685
118 142 786
119 498 1012
119 532 738
119 533 599
119 650 706
119 846 506
120 864 540
120 688 813
120 786 598
120 771 855
120 696 657
120 953 767
120 443 296
120 427 795
120 701 738
120 798 448
120 543 1021
121 528 610
121 865 418
121 754 821
121 436 794
121 676 534
121 422 1039
121 265 672
121 410 805
121 238 1195
122 545 677
122 642 597
122 803 921
122 388 698
122 761 1006
122 762 604
122 316 956
122 413 1000
122 527 1000
123 481 809
123 193 459
123 465 342
123 722 581
123 818 552
123 564 574
123 964 497
123 933 576
123 390 754
123 890 464
123 748 1339
123 524 712
123 830 527
123 639 863
124 162 720
124 930 577
124 420 932
124 582 1214
124 296 813
124 937 363
124 266 583
124 187 534
124 332 779
125 466 661
125 563 675
125 259 525
125 675 780
125 677 710
125 486 1053
125 230 840
125 647 1192
125 969 809
125 538 808
125 586 1049
125 635 852
125 876 695
125 717 446
125 669 789
125 733 744
125 414 466
125 830 1596
125 766 1173
126 560 424
126 242 645
126 596 542
126 868 810
126 536 487
126 232 722
126 217 206
126 281 1220
126 201 638
126 506 587
126 443 872
126 573 477
126 542 1339
126 127 724
127 384 899
127 352 439
127 177 620
127 866 931
127 483 677
127 707 1037
127 148 668
127 375 614
127 536 915
127 554 935
127 826 578
127 363 403
127 347 836
127 701 477
127 830 933
128 693 1857
128 549 468
128 811 537
128 555 470
128 300 754
129 929 594
129 401 1008
129 706 423
129 484 565
129 228 911
129 582 1050
129 984 655
129 890 440
129 475 562
129 940 776
129 911 684
130 208 195
130 336 507
130 231 375
130 471 866
130 632 698
130 521 850
130 282 629
130 747 838
130 860 743
130 926 1265
130 479 819
131 176 504
131 289 536
131 802 398
131 932 208
131 630 797
131 279 421
131 313 173
131 956 805
131 605 565
131 765 482
131 654 312
132 498 665
132 612 635
132 554 358
132 604 825
132 767 430
133 721 598
133 545 648
133 946 1014
133 643 653
133 677 411
133 825 706
133 186 518
133 938 1095
133 747 559
133 956 526
133 140 653
133 254 193
133 943 585
134 753 657
134 258 354
134 325 334
134 565 666
134 469 572
134 616 842
134 347 446
134 765 541
134 846 680
134 687 595
134 959 475
135 450 1061
135 402 409
135 229 589
135 600 623
135 456 654
135 840 1202
135 584 454
135 889 479
135 281 479
135 697 715
135 186 1119
135 826 1082
135 523 435
135 460 423
135 972 490
135 429 915
135 222 792
135 959 711
136 771 591
136 435 556
136 229 620
136 329 469
136 345 872
136 139 1255
136 940 797
136 910 552
136 255 585
137 816 393
137 837 443
137 246 968
137 823 588
137 360 514
137 730 820
137 286 1111
138 627 816
138 150 943
138 582 814
138 632 939
138 377 489
138 746 635
139 272 954
139 626 1152
139 898 784
139 706 395
139 213 1144
139 165 479
139 425 842
139 266 923
139 970 454
139 605 565
139 143 489
140 816 380
140 547 720
140 325 700
140 966 1262
140 807 649
140 232 652
140 825 696
140 506 727
140 522 308
140 319 875
141 512 439
141 468 1050
141 950 1086
141 263 688
141 504 784
141 733 763
142 400 480
142 897 532
142 337 481
142 226 827
142 227 786
142 917 864
142 437 368
142 903 899
142 633 985
142 746 1267
142 779 526
142 364 665
142 925 406
142 574 992
142 271 610
143 448 689
143 385 845
143 275 830
143 819 123
143 340 546
143 613 838
143 714 681
143 956 1253
143 559 691
144 690 926
144 194 381
144 771 374
144 899 878
144 804 677
144 964 333
144 727 532
144 648 457
144 425 451
144 345 1048
144 811 546
144 543 570
145 832 656
145 674 482
145 356 513
145 517 591
145 319 1364
146 978 405
146 802 590
146 921 917
146 909 573
146 765 824
147 448 897
147 162 765
147 755 334
147 227 971
147 150 608
147 312 420
147 426 769
147 283 464
147 380 609
147 764 396
147 909 1381
147 702 751
148 256 690
148 786 950
148 234 242
148 219 1455
148 285 792
149 594 786
149 835 1096
149 964 644
149 838 598
149 678 443
149 343 353
149 776 870
149 169 1014
149 398 653
149 415 409
149 335 823
150 912 745
150 610 427
150 276 755
150 644 610
150 870 587
150 951 373
150 856 484
150 697 398
150 378 348
150 202 873
150 891 777
150 555 408
150 733 664
150 158 486
150 175 1160
151 464 315
151 706 756
151 283 921
151 764 597
152 976 430
152 498 536
152 867 211
152 212 345
152 836 731
152 357 580
152 789 589
152 229 462
152 710 975
152 343 983
152 713 509
153 944 629
153 834 636
153 387 729
153 419 527
153 630 621
153 823 668
153 458 422
153 459 871
153 668 360
153 254 723
154 592 590
154 737 446
154 274 640
154 404 1182
154 987 504
154 813 942
154 782 816
154 846 486
154 271 796
154 335 852
154 943 716
155 709 937
155 773 636
155 581 1141
155 374 694
155 519 1065
155 664 371
155 314 538
155 444 410
155 349 512
155 798 575
156 272 750
156 560 624
156 226 580
156 860 608
156 284 645
156 492 639
156 286 477
157 704 413
157 977 586
157 596 405
157 709 414
157 245 1195
157 214 760
157 858 772
157 509 372
157 879 476
158 433 497
158 755 419
158 168 654
158 571 1269
158 972 774
158 430 680
158 814 478
159 692 700
159 886 536
159 646 813
159 343 427
159 714 523
159 666 506
159 955 585
159 621 749
159 735 679
160 833 812
160 213 905
160 965 704
160 293 780
160 358 1074
160 328 1231
160 569 623
160 604 371
161 743 905
161 520 727
161 462 610
162 721 709
162 193 901
162 466 1003
162 212 1203
162 597 1191
162 231 912
162 824 818
162 971 537
162 172 1041
162 461 792
162 990 1335
163 273 513
163 481 757
163 194 443
163 322 484
163 291 579
163 499 577
163 309 335
163 711 297
163 344 539
163 937 529
163 762 943
163 367 173
164 274 1126
164 678 675
164 778 403
164 348 862
164 940 872
164 222 481
164 174 965
165 352 881
165 594 533
165 819 603
165 820 619
165 453 1025
165 534 724
165 763 748
165 525 505
165 909 878
165 974 697
165 814 986
166 978 1377
166 388 856
166 629 351
166 327 495
166 919 815
166 344 430
166 297 547
166 233 472
166 859 532
166 958 344
166 942 703
167 384 873
167 624 372
167 720 456
167 194 672
167 962 581
167 883 638
167 261 812
167 375 380
167 664 714
167 699 690
167 190 315
168 596 700
168 534 1177
168 297 556
168 521 410
168 169 1167
168 475 505
169 577 548
169 979 538
169 740 658
169 900 1271
169 760 1012
169 697 1301
169 333 566
170 788 1011
170 805 1538
170 677 615
170 743 561
170 889 582
170 586 521
171 818 520
171 419 892
171 357 505
171 951 596
171 489 854
171 826 577
171 955 717
171 412 462
172 368 917
172 484 844
172 724 541
172 196 791
172 612 515
172 538 687
172 539 919
172 747 825
172 415 672
173 689 1438
173 545 1064
173 627 1035
173 566 480
173 214 507
173 798 930
174 560 678
174 257 1411
174 371 519
174 613 501
174 326 561
174 822 582
174 778 833
174 458 556
174 620 708
174 990 1456
174 382 784
175 240 533
175 960 754
175 322 538
175 276 401
175 724 428
175 580 1481
175 405 1067
175 456 487
175 426 715
175 314 301
175 972 1194
175 254 964
176 994 637
176 276 653
176 949 268
176 421 510
176 517 847
176 792 540
176 475 514
177 608 484
177 640 978
177 808 796
177 602 523
177 267 678
178 976 676
178 882 517
178 451 644
178 599 1365
178 680 798
178 442 1076
178 955 248
178 366 484
178 367 833
179 208 693
179 272 950
179 994 1246
179 787 690
179 756 572
179 709 649
179 213 1221
179 858 577
179 506 1577
179 651 588
179 972 875
179 796 1021
180 513 1015
180 546 496
180 467 702
180 405 398
180 983 317
180 667 525
180 382 662
181 240 693
181 257 993
181 321 652
181 403 548
181 298 1052
182 224 790
182 369 748
182 455 1138
182 520 801
182 490 532
182 700 1019
183 403 673
183 388 620
183 292 613
183 536 748
183 219 820
183 284 712
183 940 350
184 896 297
184 387 1002
184 726 634
184 295 500
184 601 644
184 955 582
184 813 765
185 965 433
185 806 639
185 263 806
185 248 765
185 520 466
185 411 814
185 828 320
185 365 465
185 669 657
185 750 957
185 735 379
186 288 637
186 963 388
186 852 224
186 969 639
186 732 885
186 350 322
187 210 1016
187 834 946
187 343 579
187 860 595
187 748 563
187 222 641
187 990 476
187 367 454
188 608 886
188 848 456
188 594 804
188 931 472
188 356 791
188 789 1352
188 503 380
188 647 840
188 505 565
188 890 578
188 444 844
188 671 865
189 848 914
189 899 1097
189 965 747
189 775 670
189 311 1019
189 760 567
189 346 753
189 445 813
189 957 1139
189 334 1294
189 687 584
190 866 775
190 356 551
190 390 781
190 215 891
190 828 816
190 349 741
190 382 700
190 590 915
191 352 491
191 529 545
191 771 546
191 949 519
191 246 370
191 843 827
191 268 861
191 509 950
191 717 407
191 909 685
192 961 1007
192 979 683
192 995 826
192 261 895
192 918 828
192 424 904
192 953 504
192 492 537
192 493 291
192 543 536
193 549 653
193 230 1275
193 199 785
193 762 691
193 781 870
194 864 426
194 595 850
194 518 598
194 312 947
194 713 926
194 377 546
194 970 614
194 844 592
194 573 835
194 270 376
195 948 883
195 330 376
195 234 527
195 669 691
195 894 869
195 382 610
195 351 513
196 561 646
196 401 700
196 533 550
196 791 857
196 748 554
196 636 826
197 576 856
197 758 492
197 199 475
197 295 666
197 808 1315
197 457 1527
197 458 522
197 846 886
197 878 1146
197 558 784
198 258 652
198 868 783
198 443 876
199 725 489
199 918 328
199 905 1047
199 443 844
199 780 500
199 845 596
199 381 679
199 670 307
199 639 961
200 451 867
200 276 939
200 516 633
200 486 925
200 633 945
200 875 369
200 830 727
201 224 602
201 833 856
201 849 1150
201 419 752
201 227 550
201 613 565
201 423 178
201 825 649
201 923 385
201 779 1182
201 781 456
202 688 1178
202 738 676
202 530 502
202 517 328
202 966 713
202 377 579
202 794 590
202 459 580
202 235 639
202 702 393
203 816 707
203 770 1226
203 482 557
203 882 571
203 421 732
203 727 736
203 855 389
203 536 966
203 616 551
203 857 743
203 731 661
203 638 657
204 642 862
204 851 744
204 707 903
204 964 958
204 884 626
204 314 632
205 482 829
205 370 541
205 533 677
205 454 938
205 823 478
205 876 944
205 942 705
206 673 652
206 514 1029
206 260 784
206 294 1240
206 856 677
206 491 868
206 301 503
206 989 758
206 639 780
207 657 615
207 467 276
207 614 816
207 678 859
207 300 844
207 445 1142
207 669 602
207 254 1075
208 880 960
208 369 961
208 578 458
208 451 761
208 564 454
208 489 618
208 617 446
208 651 718
208 379 541
209 561 846
209 722 1354
209 691 456
209 262 598
209 536 380
209 684 1099
209 508 578
209 556 648
209 333 485
209 589 415
210 577 447
210 227 317
210 707 999
210 889 961
210 394 661
210 877 809
211 386 726
211 258 733
211 595 357
211 340 597
211 724 1027
211 408 585
211 284 945
211 415 631
212 320 899
212 401 230
212 321 603
212 803 730
212 708 599
212 709 508
212 726 828
212 583 849
212 536 895
212 616 1002
212 824 559
212 969 410
212 218 713
212 735 654
213 816 705
213 785 784
213 261 271
213 294 898
213 775 785
213 957 1160
214 560 689
214 898 699
214 230 1223
214 294 924
214 631 692
214 311 973
214 231 600
214 889 661
214 682 1277
214 874 964
214 522 1012
214 895 336
215 464 497
215 352 476
215 307 645
215 437 601
215 870 471
215 331 357
215 285 874
215 349 774
216 643 565
216 218 412
216 683 317
216 925 403
216 974 418
216 686 903
216 670 695
217 880 460
217 754 252
217 354 368
217 855 485
217 649 1088
217 509 535
218 450 490
218 277 802
218 774 478
218 330 950
218 603 354
218 939 530
218 989 426
218 574 874
218 383 644
219 768 673
219 304 798
219 224 794
219 593 703
219 947 648
219 835 1067
219 643 862
219 293 1053
219 298 1430
219 735 989
220 400 599
220 320 650
220 677 586
220 936 825
220 233 636
220 667 803
220 587 685
220 863 583
221 897 904
221 322 933
221 419 718
221 451 591
221 357 560
221 727 771
221 680 700
221 504 315
221 536 614
221 671 608
222 934 877
222 491 688
222 366 814
223 464 503
223 449 949
223 322 913
223 483 466
223 278 626
223 263 331
223 471 783
224 785 300
224 978 870
224 882 628
224 915 1036
224 259 776
224 456 545
224 457 773
224 474 463
224 347 625
224 639 517
225 353 1037
225 930 435
225 914 1077
225 692 552
225 970 610
226 448 827
226 737 383
226 357 298
226 597 922
226 373 328
226 391 367
226 856 774
226 249 531
226 489 578
226 333 747
226 542 643
227 496 877
227 357 605
227 521 434
227 570 514
227 427 1529
227 763 439
227 332 420
227 686 588
227 399 402
228 656 818
228 757 557
228 677 266
228 342 547
229 295 161
229 653 807
229 943 918
230 512 879
230 802 535
230 773 882
230 998 615
230 538 632
230 427 909
231 657 604
231 739 714
231 774 1319
231 841 892
231 794 358
231 891 509
231 972 571
232 594 897
232 547 451
232 597 658
232 534 402
232 249 1008
232 778 1279
232 602 968
232 826 897
233 416 471
233 240 583
233 305 450
233 633 1055
233 841 1044
233 906 638
233 542 843
233 766 1093
233 543 352
234 370 960
234 498 1446
234 403 759
234 616 592
234 716 1166
234 284 709
234 317 428
234 543 846
235 416 1023
235 305 218
235 545 936
235 965 815
235 262 528
235 488 1032
235 362 559
235 813 676
236 672 652
236 529 675
236 437 388
236 526 493
236 415 1052
236 447 436
237 360 1017
237 810 792
237 764 1356
237 814 1071
238 498 1463
238 819 615
238 329 713
238 427 792
238 620 525
239 531 450
239 599 990
239 439 1393
239 840 791
239 664 936
239 938 1162
239 795 910
240 792 543
240 874 725
240 618 851
240 639 585
241 436 815
241 375 722
241 314 638
241 523 1077
241 956 643
241 958 927
241 255 583
242 787 956
242 533 1288
242 453 658
242 552 490
242 492 1084
242 333 619
242 414 519
242 670 935
243 610 962
243 680 938
243 360 514
243 937 467
243 395 472
244 560 440
244 865 502
244 689 684
244 754 441
244 466 351
244 501 447
244 502 518
244 616 791
244 425 699
244 666 800
244 907 704
244 988 914
244 270 350
245 400 517
245 577 525
245 742 637
245 902 837
245 312 785
245 779 1419
245 430 531
245 719 465
246 769 1148
246 598 630
246 281 248
246 873 613
246 761 954
246 972 496
246 479 654
246 991 399
247 721 1099
247 321 512
247 309 1029
247 566 479
247 422 814
247 264 390
247 345 1028
247 267 1108
247 477 576
247 574 1011
247 863 815
248 497 546
248 597 532
248 822 627
248 696 620
248 748 752
248 845 938
249 789 951
249 437 861
249 454 678
249 665 940
249 266 524
249 458 556
249 589 942
249 911 496
250 512 352
250 481 519
250 578 510
250 629 668
250 455 874
250 923 1553
250 862 639
251 864 894
251 496 481
251 404 437
251 535 908
251 746 586
251 510 660
251 942 242
251 751 221
252 772 458
252 517 842
252 581 722
252 534 707
252 359 809
252 360 719
252 554 658
253 560 439
253 997 390
253 694 461
253 295 731
253 504 847
253 587 339
253 620 799
253 413 629
253 895 677
253 959 762
254 341 855
254 631 425
254 424 1335
254 586 609
254 604 934
254 525 631
255 256 987
255 672 529
255 257 491
255 308 1064
255 982 373
255 406 1348
255 678 439
255 455 910
255 295 277
255 377 531
255 778 801
255 314 750
255 908 652
255 925 542
255 589 301
255 510 509
255 638 627
256 697 1302
256 987 926
256 670 854
256 271 787
256 991 687
257 883 464
257 809 763
257 715 1071
257 619 708
257 972 919
257 941 333
257 975 518
258 784 358
258 432 617
258 308 871
258 906 964
259 945 728
259 481 633
259 451 454
259 772 332
259 900 1018
259 920 446
259 684 851
259 412 937
259 718 643
260 416 251
260 499 1052
260 676 401
260 746 813
261 962 1011
261 965 1178
261 677 349
261 875 1233
261 990 662
262 977 701
262 481 966
262 737 541
262 886 743
262 454 671
262 924 316
263 929 1130
263 770 587
263 947 863
263 516 856
263 404 384
263 551 1902
263 829 752
263 701 1262
263 286 737
263 687 884
263 879 929
264 369 752
264 881 964
264 803 817
264 371 589
264 837 1710
264 373 612
264 997 341
264 663 1411
264 343 515
264 427 435
265 867 548
265 421 715
265 455 493
265 600 1379
265 713 743
265 457 871
265 506 937
265 986 658
265 907 513
265 653 581
266 981 975
266 407 931
266 647 415
266 555 1353
266 925 470
266 558 473
266 639 285
267 400 474
267 528 787
267 337 1325
267 595 638
267 375 516
267 921 624
267 826 542
267 668 669
267 412 612
267 685 596
267 957 504
268 688 426
268 928 443
268 352 196
268 434 582
268 915 335
268 723 1326
268 981 469
268 890 620
268 907 399
268 861 946
268 335 1081
269 320 950
269 826 537
269 925 261
269 334 759
270 674 1513
270 675 498
270 870 686
270 998 595
270 919 303
270 279 296
270 903 592
270 604 796
270 526 730
270 687 452
271 640 1239
271 897 573
271 963 1351
271 772 1075
271 310 393
271 374 817
271 504 1061
271 792 890
271 733 446
271 975 744
271 687 969
272 993 533
272 835 666
272 517 567
272 439 656
272 824 1002
272 861 521
272 765 920
272 415 503
273 448 837
273 628 977
273 389 512
273 662 418
274 864 522
274 388 728
274 645 1063
274 406 739
274 790 391
274 943 601
275 736 637
275 914 533
275 660 462
275 932 510
275 757 1156
275 842 290
275 859 582
275 318 1071
276 832 326
276 960 719
276 322 406
276 307 460
276 371 930
276 599 645
276 649 659
276 299 594
276 699 1230
276 927 344
277 298 427
277 651 491
278 917 677
278 837 411
278 774 597
278 550 585
278 998 1032
278 455 759
278 791 630
278 507 445
278 347 788
278 971 973
278 300 563
279 337 923
279 433 1392
279 673 966
279 866 624
279 483 633
279 341 997
279 758 450
279 487 756
279 903 324
279 504 982
279 393 770
279 635 711
279 556 712
279 895 579
280 849 425
280 353 581
280 569 804
280 300 454
281 865 779
281 964 1021
281 743 570
281 522 781
281 938 965
281 653 481
281 989 332
281 671 749
282 881 537
282 866 100
282 324 624
282 613 456
282 358 675
282 678 811
282 791 951
282 968 969
282 810 832
282 283 488
282 667 533
282 620 300
282 652 1198
283 642 408
283 979 1393
283 954 540
283 285 900
283 814 1264
283 671 679
284 562 719
284 322 1104
284 869 732
284 965 712
284 550 684
284 791 610
284 712 552
285 496 896
285 641 539
285 465 701
285 420 568
285 982 814
285 297 617
285 489 350
285 698 1063
285 955 1259
285 607 1551
286 404 811
286 389 681
286 636 546
286 831 825
286 287 454
287 432 1091
287 369 661
287 881 924
287 452 1027
287 468 975
287 362 554
287 685 539
287 958 716
288 385 329
288 678 602
288 892 1128
289 641 1266
289 852 540
289 325 506
289 949 655
289 469 665
289 650 531
289 795 580
289 957 938
289 350 602
290 768 783
290 561 560
290 945 418
290 529 1516
290 726 788
290 729 1114
290 383 541
291 768 678
291 337 745
291 851 754
291 343 587
291 476 717
291 861 564
292 422 464
292 519 850
292 745 621
292 939 658
292 301 579
293 981 784
293 615 408
293 408 472
293 809 819
293 362 529
293 508 910
293 716 654
293 972 450
294 488 398
295 432 695
295 466 813
295 742 1038
295 584 709
295 794 740
295 653 722
295 878 713
296 608 1420
296 464 849
296 496 670
296 704 331
296 418 917
296 404 762
296 837 1308
296 806 1044
296 344 1163
296 859 818
296 363 518
296 846 559
297 928 390
297 417 520
297 834 398
297 658 590
297 835 807
297 404 401
297 520 489
297 602 441
297 699 921
298 865 437
298 595 1338
298 435 564
298 436 693
298 887 1092
298 952 573
298 829 722
298 429 818
299 384 1106
299 577 313
299 885 766
299 342 572
299 919 1172
299 395 686
299 365 571
299 605 708
299 655 932
299 751 568
300 848 1094
300 793 554
301 560 666
301 722 420
301 950 394
301 728 424
301 698 424
301 765 727
301 958 669
302 418 560
302 422 852
302 664 828
302 795 769
303 400 414
303 385 649
303 323 870
303 843 931
303 379 767
303 542 595
304 498 1205
304 533 852
304 981 765
304 312 882
304 394 604
304 715 660
304 380 1093
304 749 731
305 865 1051
305 995 363
305 900 862
305 326 599
305 358 699
305 471 1007
305 520 578
305 426 716
305 845 538
305 798 1385
305 846 496
305 766 353
305 975 1827
306 976 741
306 704 810
306 914 342
306 963 465
306 435 630
306 548 617
306 788 448
306 708 1013
306 437 1296
306 729 777
306 698 1210
306 349 645
307 394 677
307 895 891
308 563 503
308 420 1316
308 390 443
308 617 567
308 476 791
308 780 494
308 765 641
309 578 349
309 324 782
309 661 492
309 821 369
309 374 759
309 616 598
309 440 886
309 602 789
309 906 820
309 730 642
309 970 696
310 976 801
310 688 597
310 402 1189
310 932 1489
310 708 695
310 789 1262
310 654 782
311 384 269
311 484 615
311 425 349
311 316 1256
312 897 451
312 819 1069
312 467 412
312 328 874
312 601 1087
312 634 465
313 610 1025
313 645 676
313 457 1084
313 377 1045
313 829 644
314 882 981
314 322 803
314 748 1041
314 751 432
315 720 574
315 433 465
315 645 1271
315 390 390
315 599 883
315 586 529
315 970 542
315 571 616
315 459 1380
316 432 957
316 835 677
316 756 544
316 861 1260
316 461 709
316 510 670
316 575 836
317 577 1611
317 870 944
317 887 509
317 508 436
318 864 548
318 721 375
318 882 637
318 739 747
318 725 495
318 986 503
318 794 927
318 651 805
318 733 1641
318 830 194
319 497 571
319 409 1165
319 746 509
319 346 601
320 432 895
320 419 899
320 422 519
320 521 518
321 705 717
321 711 1114
321 348 835
321 941 1059
322 476 392
322 748 883
322 381 762
322 334 619
323 577 602
323 993 655
323 418 1052
323 419 919
323 953 589
323 463 535
324 768 658
324 497 553
324 995 513
324 484 804
324 652 462
324 972 300
324 783 918
325 356 580
325 821 1246
325 774 1012
325 967 892
325 378 472
325 794 627
325 603 382
325 364 527
325 460 810
325 382 1041
326 385 473
326 627 660
326 711 986
326 408 824
326 860 807
327 416 588
327 448 837
327 673 377
327 818 970
327 612 518
327 859 652
327 939 536
327 812 1012
327 781 785
328 512 660
328 417 535
328 353 361
328 738 436
328 915 1016
328 596 1056
328 405 879
328 694 692
328 614 986
328 875 981
328 380 866
329 501 971
329 614 705
329 986 760
329 829 513
330 448 837
330 947 664
330 999 569
330 923 466
330 844 320
330 876 957
330 863 786
331 400 1133
331 945 994
331 898 662
331 916 694
331 756 987
331 950 690
331 870 841
331 764 627
331 397 379
331 975 796
331 447 522
331 479 968
332 417 523
332 404 223
332 376 388
332 648 877
332 537 359
332 333 1038
332 526 586
332 766 886
333 544 630
333 385 176
333 465 486
333 695 639
333 361 818
333 729 358
333 363 567
333 876 441
334 832 532
334 577 519
334 473 411
334 671 659
335 690 512
335 938 411
335 399 532
336 996 690
336 709 336
336 693 369
336 549 1232
336 600 1246
336 842 893
336 988 761
336 365 294
336 927 1441
337 929 1032
338 532 403
338 916 542
338 806 929
338 455 641
338 393 642
338 778 800
338 669 579
339 467 1122
339 904 791
339 408 480
339 605 509
339 718 759
340 832 308
340 792 846
340 588 501
340 412 819
341 691 699
341 664 427
341 525 1059
341 798 432
342 641 583
342 708 568
342 426 543
343 481 868
343 897 491
343 963 288
343 372 795
343 693 373
343 507 878
343 363 666
343 414 468
343 703 808
344 497 493
344 562 640
344 402 731
344 403 1427
344 836 654
344 981 607
344 382 705
345 377 441
346 355 718
346 371 644
346 757 752
346 730 612
346 542 430
347 371 561
347 820 715
347 519 399
347 890 809
347 460 566
348 912 401
348 352 451
348 500 656
348 681 353
348 506 747
348 987 452
348 414 590
349 896 921
349 996 804
349 393 484
349 441 339
349 364 738
349 732 457
349 463 594
350 688 705
350 434 674
350 771 1021
350 532 817
351 737 488
351 515 778
351 869 1029
351 951 662
351 807 775
351 701 1284
352 656 685
352 865 302
352 611 663
352 707 462
352 709 476
352 823 1070
352 602 629
352 779 355
352 492 598
352 975 594
353 372 274
353 949 506
353 373 639
353 924 466
353 653 1163
353 749 564
353 654 620
354 932 677
354 854 384
354 440 316
354 873 498
354 924 750
354 798 657
354 927 1170
354 847 413
355 400 414
355 450 1332
355 658 977
355 466 1115
355 611 923
355 982 626
355 998 627
355 809 1285
355 891 538
355 411 779
355 428 750
355 813 672
355 430 343
355 975 535
356 976 1033
356 594 604
356 802 524
356 638 498
357 384 308
357 640 622
357 403 845
357 661 514
357 504 734
357 509 531
357 765 473
358 752 445
358 576 419
358 979 1342
358 568 700
358 488 702
358 635 647
358 875 845
358 637 869
358 398 500
358 543 825
359 709 739
359 837 426
360 645 733
360 711 405
360 455 317
360 728 1194
360 380 440
360 605 359
360 702 993
360 526 703
360 383 574
361 994 773
361 863 908
361 383 543
362 432 634
362 739 205
362 467 696
362 532 719
362 728 1284
362 586 603
362 826 509
363 992 902
363 913 661
363 839 404
363 967 972
363 504 1408
363 873 756
363 793 662
363 922 774
363 703 807
364 898 813
364 532 980
364 918 703
364 454 1447
364 807 885
364 936 309
365 452 840
365 453 910
365 748 910
365 735 601
366 448 997
366 496 889
366 817 546
366 737 1274
366 372 595
366 949 487
366 854 550
366 441 845
366 555 768
367 898 648
367 980 664
367 757 687
367 838 663
367 990 443
368 721 717
368 371 559
368 948 382
368 756 775
368 885 652
368 828 666
368 396 953
368 831 515
369 825 377
369 396 796
369 590 901
369 575 764
370 870 890
370 776 1011
370 924 444
370 910 906
370 607 486
370 559 481
371 706 536
371 773 1302
371 534 425
371 982 887
371 407 738
371 920 877
371 970 533
371 412 262
371 510 1109
372 631 747
372 888 676
372 921 357
372 622 1179
373 785 501
373 418 671
373 742 775
374 672 992
374 482 631
374 966 978
375 992 861
375 769 738
375 545 889
375 433 425
375 693 950
375 469 556
375 519 703
375 378 392
375 556 638
376 464 624
376 837 719
376 581 1035
376 822 732
376 716 862
376 975 962
377 898 577
377 724 732
377 887 861
377 567 553
377 648 624
377 649 727
377 890 770
377 635 472
377 782 475
378 960 627
378 736 824
378 866 817
378 503 612
378 744 825
378 428 663
378 557 665
378 718 675
379 624 344
379 801 671
379 530 514
379 579 531
379 840 740
379 491 686
379 812 382
380 915 479
380 869 359
380 680 918
380 616 1052
380 683 902
380 747 368
380 783 290
380 607 758
381 928 781
381 609 663
381 758 450
381 811 542
381 958 574
381 766 594
381 863 737
381 431 846
381 463 903
382 530 755
382 535 390
382 807 1075
382 967 456
382 845 445
383 512 661
383 960 679
383 932 708
383 998 566
383 415 1123
384 482 724
384 422 770
384 907 599
385 448 1147
385 595 811
385 950 758
385 424 406
386 626 737
386 949 810
386 853 588
386 679 617
387 642 633
387 595 989
387 643 597
387 981 501
387 520 775
387 409 280
387 683 763
388 720 360
388 817 774
388 515 651
388 980 675
388 871 595
388 540 790
388 879 674
389 807 972
389 824 1018
389 648 747
390 672 450
390 977 402
390 417 516
390 806 844
390 937 859
390 891 902
390 572 626
390 815 564
391 901 1174
391 635 227
391 795 619
392 546 1232
392 498 662
392 579 943
392 532 381
392 533 951
392 503 1102
392 807 831
392 586 660
392 684 276
392 556 1144
393 960 630
393 821 542
393 409 1149
393 591 596
394 501 967
394 844 698
394 894 392
395 689 1085
395 802 423
395 436 935
395 708 1239
395 488 618
395 858 730
395 715 704
396 402 787
396 547 364
396 906 744
396 763 636
396 829 488
396 845 443
397 864 472
397 400 679
397 917 702
397 981 411
397 693 535
397 792 1492
397 859 746
397 843 348
397 509 745
398 936 784
398 618 736
398 445 533
399 642 777
399 503 723
399 747 364
399 748 642
399 556 874
399 733 1065
400 915 452
400 675 866
400 886 840
400 982 1060
400 758 394
400 463 670
401 992 824
401 851 474
401 836 830
401 533 523
401 551 554
401 520 628
401 619 580
401 972 773
401 830 797
401 558 701
401 543 631
402 802 454
402 740 1054
402 487 937
402 778 621
402 798 708
402 814 475
403 786 929
403 996 775
403 760 839
403 412 653
403 510 760
404 544 534
404 707 843
404 422 781
404 856 1074
404 569 586
404 507 571
405 689 1614
405 551 1034
405 795 713
405 476 677
405 591 656
405 511 1016
405 879 226
406 768 423
406 547 952
406 823 463
406 472 494
406 441 562
406 941 824
407 656 770
407 704 347
407 596 468
407 420 1193
407 452 766
407 884 897
407 568 579
407 569 1035
407 890 825
407 827 1227
408 485 556
408 439 792
408 968 649
408 827 1256
408 413 1030
408 414 701
408 959 650
409 877 736
409 479 1261
410 832 817
410 704 611
410 736 812
410 707 969
410 694 854
410 843 467
410 589 985
410 495 855
411 930 751
411 985 858
411 490 429
411 875 519
411 765 336
411 894 486
412 866 385
412 499 540
412 500 771
412 774 343
412 568 886
412 666 315
413 768 299
413 631 819
413 683 671
413 476 520
413 830 778
414 513 667
414 531 945
414 710 1626
415 577 968
415 995 812
415 805 430
415 695 953
415 791 861
415 539 533
415 875 734
415 620 595
415 655 504
416 418 590
416 613 852
416 696 392
416 556 454
417 768 1405
417 674 612
417 967 541
417 471 603
417 618 685
418 528 900
418 706 442
418 837 645
418 534 930
418 982 855
418 601 318
418 794 763
418 715 822
418 461 957
418 639 805
419 915 711
419 451 797
419 995 678
419 758 457
419 731 669
419 829 1217
419 862 692
420 688 1215
420 546 337
420 434 640
420 533 599
420 894 692
420 702 784
420 766 425
421 656 426
421 785 922
421 807 587
421 795 875
421 940 719
422 720 641
422 544 466
422 995 458
422 743 642
422 858 635
422 922 1175
422 794 407
422 669 576
422 975 888
423 771 921
423 728 873
423 552 597
423 734 935
424 866 365
424 772 468
424 918 805
424 872 626
424 764 475
424 925 661
425 896 589
425 853 423
425 682 472
425 458 416
425 859 598
426 530 253
426 759 509
426 508 596
426 430 712
426 670 918
427 722 693
427 867 509
427 995 1008
427 774 855
427 871 811
427 909 506
428 898 989
428 694 541
428 519 415
428 684 781
428 876 931
428 588 1324
428 797 621
429 593 435
429 897 427
429 740 650
429 709 605
429 632 459
429 488 639
429 506 1180
429 986 753
429 847 365
430 689 590
430 773 1309
430 757 676
430 439 1201
430 747 1600
430 459 854
431 737 727
431 482 403
431 771 242
431 467 1065
431 533 558
431 536 789
431 746 769
431 570 837
431 874 943
431 926 1018
431 734 852
431 607 595
432 785 635
432 659 497
432 663 1085
432 937 864
432 573 248
432 510 585
432 542 383
432 910 462
433 439 955
433 654 733
434 624 862
434 544 378
434 992 607
434 786 547
434 438 796
434 697 568
434 475 980
434 971 981
434 508 1115
434 844 893
435 833 927
435 739 430
435 458 660
435 874 405
435 508 393
435 942 825
436 484 706
436 856 367
436 584 404
436 877 305
437 596 818
437 762 709
437 748 795
437 799 624
438 676 1211
438 647 1019
438 872 731
438 649 1631
438 651 750
438 541 727
438 814 857
438 558 571
439 689 839
439 900 619
439 486 884
439 790 1038
439 791 635
439 749 407
439 734 549
439 687 583
439 543 1012
440 705 975
440 594 749
440 820 830
440 566 659
440 714 855
441 816 1067
441 515 613
441 742 781
441 983 951
441 793 863
441 475 744
441 844 477
441 524 556
442 790 1096
442 519 552
443 498 461
443 565 860
443 485 780
443 854 731
443 521 505
443 925 924
443 493 629
443 575 589
443 959 727
444 448 846
444 481 889
444 642 558
444 743 512
444 763 360
445 689 487
445 753 610
445 532 892
445 852 1013
445 505 549
445 796 335
445 989 1168
446 497 565
446 547 313
446 661 413
446 503 1141
446 829 711
447 513 412
447 913 822
447 898 316
447 883 482
447 725 669
447 581 645
447 779 666
447 687 1012
447 943 608
448 674 544
448 516 1158
448 884 324
448 870 716
448 726 894
448 953 922
448 666 921
448 638 485
449 464 666
449 817 986
449 595 453
449 580 332
449 788 252
449 709 1083
449 568 1048
450 897 570
450 849 868
450 851 720
450 744 357
450 650 534
450 799 687
450 847 1225
451 500 688
451 584 394
451 473 632
451 684 1286
451 990 618
452 496 376
452 835 1115
452 741 730
452 966 485
452 507 1028
452 605 670
453 516 356
453 694 809
453 873 505
453 842 861
454 996 1298
454 841 1067
454 922 255
454 554 892
454 958 499
455 532 958
455 908 281
455 814 939
456 901 501
456 890 1226
456 746 1149
457 563 425
457 613 419
457 617 787
457 700 1075
457 863 449
458 551 797
458 504 380
458 537 456
458 873 486
458 523 600
459 518 418
459 504 335
459 653 786
460 660 553
460 872 526
460 761 407
461 916 463
461 614 843
461 648 1032
461 921 1148
462 914 849
462 724 1259
462 584 616
462 718 904
462 591 643
462 831 477
463 515 423
463 838 583
463 857 1084
463 730 382
463 812 899
463 942 684
464 803 149
464 723 796
464 920 399
464 761 812
464 586 799
464 987 951
465 578 665
465 741 698
465 549 635
465 951 556
465 537 377
465 922 381
465 827 465
465 891 1289
465 749 925
465 845 1275
466 675 481
466 822 934
466 646 538
466 684 972
466 766 717
466 639 375
467 568 271
468 624 571
468 960 774
468 865 876
468 483 921
468 772 742
468 900 636
468 935 390
468 715 749
469 609 687
469 930 518
469 803 1374
469 502 714
469 566 497
469 950 1269
469 790 662
469 893 637
469 493 622
469 895 670
470 913 872
470 979 500
470 515 502
470 600 604
470 603 936
470 667 994
470 685 773
470 862 631
470 574 1010
471 945 510
471 705 462
471 930 547
471 633 335
471 553 553
471 698 694
472 986 585
473 802 544
473 516 532
473 708 694
473 889 1153
473 746 398
473 908 1322
473 765 805
473 782 455
474 738 529
474 835 798
474 533 725
474 998 821
474 542 607
475 480 756
475 583 1093
475 999 556
475 937 1041
475 826 591
475 987 502
475 811 653
475 669 1276
475 911 484
476 769 741
476 700 1163
477 561 1113
477 918 317
477 808 984
477 842 821
477 587 703
477 831 933
478 483 604
479 786 410
479 948 871
479 536 769
479 616 528
480 593 539
480 597 860
480 986 757
480 574 440
480 543 604
481 562 1009
481 899 692
481 532 677
481 505 925
481 953 836
481 731 460
481 588 699
482 929 484
482 933 759
482 902 916
482 792 404
482 891 567
482 603 835
482 829 450
482 957 681
482 895 528
483 916 645
483 534 711
483 714 888
483 604 403
484 800 413
484 820 1493
484 646 501
484 983 495
484 812 342
484 909 859
485 514 493
485 675 638
485 615 1185
485 684 460
485 877 668
486 897 938
486 770 412
486 930 410
486 503 1059
486 504 210
486 522 1085
487 624 641
487 913 409
487 547 657
487 564 681
487 501 944
487 727 1116
487 504 1261
487 987 497
487 974 1356
487 894 1081
488 834 366
488 885 1216
488 870 880
488 591 950
489 572 738
489 895 832
490 710 1277
490 536 980
490 685 575
491 835 692
491 995 635
491 564 813
491 885 607
491 924 239
491 575 448
492 818 1000
492 611 494
492 709 278
492 811 420
492 735 419
493 960 801
493 773 734
493 888 354
493 750 957
493 590 522
494 785 448
494 771 615
494 788 779
494 861 532
494 957 506
494 575 776
495 642 469
495 903 729
495 749 792
495 974 541
495 751 625
496 784 814
496 690 658
496 790 431
496 568 1158
496 601 1074
497 596 971
497 804 1013
497 565 561
497 950 820
497 904 519
497 665 930
497 905 680
497 506 729
498 770 1193
498 947 898
498 643 634
498 698 399
498 686 540
499 657 630
499 724 953
499 776 672
499 715 1023
500 864 666
500 608 534
500 914 865
500 551 589
500 859 455
500 939 1025
501 672 378
501 549 462
501 933 1685
501 955 726
502 864 171
502 818 429
502 850 959
502 774 442
502 504 317
502 986 605
502 620 748
502 844 646
502 797 670
503 506 523
503 795 647
503 605 528
504 720 745
504 912 1100
504 962 470
504 873 550
504 860 645
504 812 793
505 850 1180
505 899 525
505 761 558
505 558 701
505 767 423
506 658 1193
506 835 626
506 726 702
506 536 615
506 728 1459
506 681 188
506 507 881
506 717 464
507 929 758
507 652 838
507 876 666
508 740 643
508 901 568
508 620 618
509 597 795
509 998 998
509 665 595
509 827 467
509 764 525
509 575 809
510 861 1256
510 782 659
511 576 841
511 870 655
511 665 1113
512 832 1083
512 818 587
512 885 293
512 534 428
512 758 404
512 733 1293
512 703 764
513 612 790
513 869 963
513 806 371
513 726 463
513 796 615
513 974 601
513 943 633
514 737 371
514 516 1261
514 709 513
514 795 1058
515 641 1008
515 583 752
515 808 820
515 956 832
516 962 671
516 583 562
516 763 1016
517 518 869
517 729 817
517 538 642
518 945 1142
518 824 789
518 795 873
519 902 668
520 919 407
521 881 319
521 987 678
521 605 836
522 553 689
522 793 845
522 715 199
522 572 572
522 588 434
523 994 502
523 563 627
523 950 390
523 975 550
524 850 722
524 932 1029
524 940 1003
525 931 662
525 965 661
525 984 984
525 539 922
525 765 1102
526 768 618
526 787 827
526 869 1041
526 710 463
526 950 704
526 662 564
526 807 849
526 601 798
526 922 589
526 846 889
526 639 840
527 704 474
527 625 532
527 929 743
527 947 454
527 710 948
527 635 1244
527 653 268
527 767 1129
528 704 946
528 818 745
528 582 688
528 811 478
529 851 400
529 965 456
529 601 822
529 782 977
529 783 789
530 561 313
530 760 324
530 729 326
531 929 471
531 770 1452
532 832 833
532 659 455
532 612 543
533 704 836
533 689 820
533 534 722
533 584 480
533 777 777
533 602 400
533 875 866
533 591 544
533 735 264
534 673 711
534 610 684
534 793 855
534 779 355
534 733 937
535 833 1495
535 881 499
535 733 828
535 719 574
536 803 785
536 716 548
536 719 859
537 576 571
537 871 1095
537 943 430
538 658 316
538 729 867
538 810 1032
538 701 712
538 686 434
539 721 947
539 808 1308
539 906 932
539 683 579
539 747 515
540 932 1075
540 953 1321
540 637 729
541 802 657
541 632 798
541 585 1082
541 829 959
542 597 976
542 856 556
542 908 1138
542 879 1088
543 932 786
543 644 726
543 648 971
544 944 528
544 659 596
544 741 762
544 871 486
544 872 373
545 672 928
545 865 720
545 817 948
545 834 709
545 629 1015
545 677 931
545 729 427
545 940 525
545 589 884
546 949 1255
546 757 1149
546 777 701
546 894 263
546 574 557
546 703 319
546 767 1336
548 722 353
548 627 701
548 951 769
548 920 558
548 697 1167
549 705 337
549 564 488
549 570 395
549 894 847
549 911 615
550 987 448
550 619 1030
550 974 788
551 753 972
551 776 656
551 808 653
551 716 549
551 750 931
551 751 519
552 834 1297
552 693 993
552 632 663
553 997 352
554 800 766
554 688 1019
554 642 623
555 593 535
555 738 820
555 759 856
556 641 437
556 898 299
556 947 636
556 796 468
556 813 748
556 606 789
557 881 677
557 706 570
557 996 525
557 806 455
557 791 292
557 823 1190
557 872 494
557 922 402
557 842 982
557 972 1082
557 767 1170
558 704 735
558 673 772
558 694 624
558 711 540
558 763 487
558 814 1270
558 687 725
559 627 390
559 755 664
559 920 468
559 844 1064
559 797 728
559 927 896
560 865 860
560 803 781
560 661 548
560 732 870
560 813 359
561 752 416
561 784 653
561 980 972
561 679 577
561 750 1347
561 703 472
562 833 512
562 611 609
562 617 482
562 634 540
562 605 729
563 999 928
563 666 1156
563 748 432
564 599 701
564 841 504
565 832 590
565 591 617
566 723 685
566 902 811
566 713 831
566 891 569
566 590 272
567 899 711
567 886 898
567 921 1070
567 794 500
568 624 800
568 896 432
568 964 483
568 708 1004
568 879 941
569 912 827
569 944 766
569 642 635
569 707 386
569 853 1137
569 586 613
569 716 770
571 736 606
571 796 958
571 750 701
571 910 407
572 610 484
572 723 456
572 804 642
572 917 316
572 741 438
572 822 415
573 976 605
573 710 751
573 936 817
573 858 308
573 590 1223
574 816 669
574 739 578
574 852 770
574 774 464
574 759 487
574 904 350
574 938 863
574 651 931
575 946 643
575 745 1077
575 895 330
576 784 534
576 868 583
576 757 272
576 764 946
577 677 384
577 617 552
577 607 1456
578 996 782
578 821 1178
578 647 554
578 650 782
578 684 434
578 654 847
579 746 842
580 969 891
580 617 442
580 811 753
581 754 669
581 622 784
582 979 618
582 709 914
582 983 697
582 795 490
583 820 477
583 902 753
583 907 505
583 957 468
584 624 1242
584 917 501
584 774 1219
584 858 1083
584 607 607
584 991 349
585 976 565
585 962 872
585 606 807
585 783 339
586 698 1462
586 636 484
586 957 782
586 734 454
587 940 803
587 893 827
588 660 803
588 709 383
588 933 548
588 757 475
588 669 838
588 973 886
589 975 1002
590 726 1040
590 695 555
590 999 567
590 888 1350
590 959 515
591 594 1289
591 869 1067
591 870 724
591 599 757
591 937 701
592 608 609
592 882 950
592 756 966
592 905 1139
592 923 510
592 875 476
593 610 785
593 680 578
593 858 591
594 608 648
594 929 1071
594 817 577
594 948 965
594 955 593
594 654 1032
595 852 843
595 908 603
596 898 826
596 819 811
596 756 466
596 996 582
596 677 253
596 810 1178
596 941 625
596 958 408
596 719 1050
597 625 289
597 660 440
597 650 491
597 986 1107
597 826 626
598 869 724
599 615 878
599 877 702
600 933 401
600 920 265
600 632 893
601 738 398
602 803 944
602 931 672
602 766 578
603 898 936
603 875 835
603 940 749
604 785 526
604 609 509
604 993 460
604 737 533
604 937 532
604 666 833
604 747 707
604 991 922
605 914 312
605 630 246
605 775 657
605 634 708
605 667 596
605 989 243
605 606 428
605 639 663
606 900 945
606 949 457
606 773 798
606 901 700
606 823 899
606 808 1569
606 843 604
606 795 227
606 783 931
607 774 648
607 887 387
607 743 652
607 663 653
607 727 677
607 647 369
607 894 1367
607 879 569
608 676 946
608 822 647
609 897 569
609 867 886
609 742 818
609 790 411
609 664 443
609 728 1047
609 777 982
609 863 1019
610 802 539
610 723 487
610 760 512
610 970 311
611 976 728
611 929 835
611 982 1515
611 831 427
612 721 589
612 626 357
612 803 599
612 790 687
612 953 753
613 720 1346
613 994 759
613 921 913
613 814 761
614 864 611
614 833 1296
614 885 485
615 833 598
615 995 555
615 869 1393
615 967 574
615 874 617
615 670 727
616 774 573
616 838 675
616 796 863
617 836 406
618 976 897
618 832 1169
618 645 504
618 727 914
618 730 1070
618 716 992
618 844 652
618 876 987
618 797 974
619 896 949
619 665 842
619 795 748
620 820 697
620 712 992
620 879 398
621 723 595
621 916 460
621 741 488
621 745 1023
621 905 924
621 649 591
621 986 585
621 716 505
622 848 508
622 674 605
622 835 754
622 885 520
622 823 547
622 988 1311
623 865 622
624 837 266
624 830 829
625 993 725
625 900 648
626 772 744
626 966 506
626 856 1119
627 896 457
627 633 839
627 843 957
627 719 363
628 949 505
628 777 398
628 655 320
629 668 1253
630 949 472
630 821 872
630 998 473
630 926 820
631 672 238
631 922 829
631 683 315
631 667 577
631 892 317
632 913 1431
632 803 445
632 694 382
633 881 863
633 964 616
633 744 508
633 862 599
634 956 584
634 940 894
635 896 752
635 834 402
635 739 300
635 707 363
635 951 932
635 959 832
635 847 730
636 785 361
636 664 924
636 969 1070
636 958 558
637 677 318
637 775 889
637 733 714
638 801 1057
638 898 505
638 914 796
638 819 1112
638 965 403
638 966 441
639 961 893
639 642 500
639 931 772
639 903 896
639 952 1001
639 872 872
639 841 808
639 778 749
639 987 1093
640 880 619
640 648 1130
640 825 532
640 861 840
640 927 517
641 689 646
641 819 574
641 692 611
641 888 693
641 907 1221
642 835 1090
642 936 349
642 797 833
642 733 757
643 985 398
644 838 401
644 954 599
645 795 871
646 880 771
646 817 675
646 953 288
646 943 640
647 777 899
647 762 390
647 989 668
648 693 885
648 901 716
649 672 811
649 789 219
649 982 525
649 921 818
649 986 353
649 991 1614
651 658 1345
651 933 1058
651 774 488
651 764 469
651 927 1005
652 736 607
652 853 834
652 982 291
652 792 711
652 861 713
652 781 940
653 760 584
653 781 710
653 782 1571
654 673 467
654 820 467
654 713 556
654 746 586
655 742 725
655 727 388
655 940 664
655 702 375
656 978 366
656 710 444
656 902 604
656 744 683
656 971 558
656 734 479
657 881 396
657 802 422
657 898 588
657 836 407
658 706 443
658 952 528
658 859 357
658 891 699
658 943 543
659 961 847
659 754 358
659 914 869
659 871 625
659 811 366
660 675 427
660 967 255
661 753 598
661 793 677
661 746 560
662 833 742
664 786 692
664 666 418
665 917 516
665 732 521
666 804 641
666 874 811
666 956 773
666 830 574
668 930 864
668 709 614
669 770 602
669 692 321
669 972 717
669 861 467
669 927 627
669 671 912
670 916 677
670 903 527
670 857 824
670 729 885
670 937 762
670 876 846
670 735 368
671 945 711
671 771 662
671 787 500
671 890 936
672 690 619
672 975 309
673 883 563
673 917 400
674 869 864
674 793 561
675 859 419
676 887 469
676 764 1138
677 848 586
677 818 612
677 877 445
677 990 610
677 814 744
678 769 482
678 997 988
678 988 769
679 867 648
680 866 743
680 905 780
680 797 907
681 839 499
682 723 968
683 979 660
683 954 318
683 730 1083
684 737 932
684 972 1306
685 897 512
685 787 750
685 726 371
685 890 435
685 922 1086
685 764 578
686 944 815
686 841 453
686 793 1113
686 827 280
686 924 645
687 903 966
687 841 1507
687 779 552
688 705 636
688 773 452
688 734 607
689 820 800
689 826 938
689 875 423
690 995 592
690 804 508
691 855 470
692 785 885
692 828 951
693 961 529
693 983 749
694 706 958
694 777 1580
695 878 849
695 927 756
696 796 445
696 749 487
697 992 427
697 978 1354
697 979 845
697 943 509
698 976 1191
698 882 557
698 774 669
698 967 625
698 843 665
699 704 515
700 978 1295
700 708 770
700 869 953
700 742 918
700 714 810
701 805 586
701 934 534
703 936 1248
705 785 579
705 722 955
705 965 434
705 729 636
706 978 383
706 892 1028
707 952 657
707 713 675
707 780 784
708 948 643
710 756 861
710 757 938
711 728 524
711 922 798
711 956 988
711 782 1133
711 734 718
712 979 538
712 908 479
712 959 714
713 904 499
713 859 890
713 926 461
714 961 662
714 988 834
715 912 834
715 722 489
715 788 777
716 773 437
717 948 767
717 734 976
718 884 802
718 984 536
718 811 646
718 924 976
719 958 551
720 903 364
720 826 633
720 859 921
721 888 558
721 906 515
721 734 606
722 787 463
722 936 652
722 923 881
723 779 1198
723 812 416
724 896 440
724 801 692
724 839 645
724 938 398
724 991 976
725 771 807
725 996 402
725 838 743
726 770 1029
727 983 1313
727 843 687
728 983 745
728 921 705
729 993 728
729 835 991
729 955 751
730 769 638
730 995 910
730 773 1043
730 869 692
731 901 408
731 855 579
732 882 544
732 793 1279
732 858 859
732 989 674
733 746 642
733 894 498
734 865 551
734 841 757
735 870 391
735 758 884
735 887 1085
736 880 836
736 788 1109
736 973 552
737 791 563
738 866 453
738 983 840
738 872 253
739 900 695
739 759 472
739 893 627
741 817 450
741 796 634
742 757 320
742 966 1558
742 924 465
743 888 670
743 749 495
744 835 687
744 935 505
744 840 636
744 904 587
745 788 530
745 838 837
745 874 644
745 911 401
746 805 786
746 793 1469
746 762 1028
746 811 501
746 907 576
746 908 583
747 910 722
748 890 522
749 929 468
749 900 1037
749 750 791
750 836 601
750 857 688
750 812 371
751 874 284
751 811 642
752 868 644
752 759 407
752 990 277
752 943 688
753 960 537
753 776 798
753 792 971
753 857 835
754 765 405
755 860 1122
756 884 873
756 903 524
756 791 765
756 969 819
756 781 786
757 873 742
757 793 838
757 859 783
757 924 880
758 777 667
759 784 482
759 786 639
759 987 647
759 988 483
759 991 376
760 898 581
761 902 695
761 810 358
762 802 341
762 982 1013
762 966 351
763 881 691
763 789 563
763 938 581
765 908 451
765 991 534
766 824 533
766 875 818
767 915 578
767 851 1046
767 775 1603
768 833 452
768 888 662
768 829 995
769 785 516
769 948 474
769 870 488
769 919 930
769 830 627
770 973 954
770 894 310
770 879 878
771 776 828
773 805 1327
774 855 868
776 848 807
776 981 514
776 878 1400
776 959 855
776 783 732
776 815 704
777 804 1360
777 889 754
777 797 510
778 930 766
778 927 1023
779 902 828
779 952 567
780 871 690
781 787 243
782 817 842
782 826 837
782 907 681
782 829 708
782 845 651
783 944 754
783 809 626
783 814 1179
784 818 656
784 973 279
785 980 304
785 949 420
785 907 476
786 940 810
787 995 174
788 917 412
788 919 591
789 962 1399
790 977 535
791 834 338
791 904 436
791 814 862
793 841 656
794 855 1106
794 895 468
797 886 776
797 806 689
798 803 360
799 900 662
800 896 1668
800 917 769
800 902 584
800 807 473
800 827 867
801 985 1246
801 975 1064
802 998 402
802 890 937
802 986 740
802 828 1337
802 878 1104
803 999 558
803 911 943
804 884 594
804 856 608
804 826 898
804 907 296
805 965 666
806 944 926
806 850 1217
806 813 1209
807 908 560
807 815 552
808 899 488
808 968 1644
810 930 1116
810 884 759
810 854 602
810 951 1006
810 888 560
811 878 1294
812 966 1018
812 872 1049
813 915 752
813 835 607
813 823 1130
813 843 653
816 968 462
818 859 542
819 944 987
819 930 688
819 894 465
819 926 1108
820 877 977
820 941 613
821 887 664
821 935 954
822 904 576
823 832 722
823 872 509
824 881 711
824 854 629
825 966 258
825 988 597
825 829 506
826 978 762
826 886 413
826 968 415
827 949 561
827 943 407
828 932 734
828 889 1004
828 923 223
830 963 613
830 986 829
831 976 618
833 953 374
833 937 579
833 957 1434
834 975 1034
835 839 889
836 887 1336
836 856 737
837 891 1429
839 996 202
840 971 654
841 928 553
841 977 427
841 922 902
842 848 749
843 870 1030
845 894 790
846 997 1084
847 955 710
847 988 456
847 991 368
848 921 367
849 941 446
849 926 765
850 930 342
851 987 835
854 980 302
856 870 449
856 858 476
857 952 1181
858 930 407
858 935 589
859 896 403
859 924 585
861 866 828
862 938 887
863 918 619
865 903 890
865 956 1182
867 925 493
867 894 462
868 915 613
869 912 935
870 985 462
871 947 368
871 884 1226
871 999 773
871 973 742
872 956 986
872 990 666
873 981 878
873 936 1054
875 896 616
876 980 714
878 978 536
880 931 761
880 948 734
881 988 917
881 940 673
882 953 974
882 959 1071
884 991 273
887 998 1173
888 976 980
888 994 323
891 918 646
891 922 1157
892 992 1135
894 961 438
894 999 640
896 977 1045
896 902 645
897 977 515
897 917 1021
897 968 445
899 942 804
900 984 1020
900 975 878
905 951 1099
905 935 559
906 927 687
910 939 1179
911 916 1302
913 956 962
914 950 480
915 961 788
916 940 243
917 992 576
917 961 371
917 939 692
919 987 705
921 970 982
923 942 529
925 939 632
928 978 596
928 930 888
930 950 753
932 956 573
933 963 543
933 974 324
934 968 756
936 980 975
939 980 533
941 994 1034
941 985 632
942 992 843
943 970 853
947 960 514
948 986 773
950 995 584
950 986 792
954 981 878
959 981 363
959 975 471
959 991 633
963 983 1061
966 977 363
966 983 472
966 991 436
967 980 655
970 998 729
971 993 804
978 986 594
989 994 906
