1000
0 854 276
0 392 150
0 43 458
0 811 251
0 414 410
0 862 313
0 462 232
0 511 526
1 640 388
1 306 650
1 563 425
1 711 306
1 633 114
1 73 223
1 779 242
1 446 157
2 577 26
2 962 119
2 500 99
2 647 515
2 282 484
2 988 227
2 29 147
3 354 157
3 216 230
3 987 419
3 429 229
3 813 42
3 398 113
4 258 583
4 451 139
4 804 134
4 278 329
4 887 93
4 151 123
4 831 194
5 433 567
5 389 157
5 551 317
5 74 328
5 813 146
5 222 481
5 15 465
6 48 472
6 402 161
6 226 173
6 675 204
6 757 325
6 328 184
6 776 267
6 616 482
6 202 226
6 427 188
6 492 144
6 253 295
7 672 222
7 481 422
7 337 663
7 754 273
7 229 279
7 487 180
7 874 308
7 603 511
7 315 294
7 524 190
7 125 269
7 77 82
7 494 525
8 144 498
8 290 367
8 612 330
8 24 232
8 26 94
8 843 234
8 909 82
8 126 279
9 320 617
10 433 344
10 600 575
10 233 348
10 603 421
10 332 321
10 222 61
11 870 52
11 121 758
12 561 569
12 369 387
12 566 383
12 952 298
12 393 108
12 234 232
13 483 267
13 661 353
13 650 472
13 620 299
13 892 347
13 334 284
14 979 222
14 196 238
14 101 254
14 536 404
14 60 299
15 208 447
15 169 401
15 171 96
16 944 682
16 129 416
16 419 308
16 659 109
16 500 332
16 551 147
16 312 235
16 894 375
17 848 248
17 753 283
17 882 440
17 248 426
17 168 170
17 446 58
18 647 122
18 426 145
18 412 65
18 61 159
18 909 216
18 559 99
18 767 322
19 513 241
19 41 316
19 91 90
20 160 219
20 945 382
20 806 806
20 120 136
20 684 118
20 956 161
20 575 236
21 609 224
21 568 74
21 872 133
21 909 151
21 222 275
22 497 278
22 290 242
22 997 564
22 446 331
23 244 656
23 215 73
23 663 199
23 888 554
23 686 229
23 911 143
24 582 102
24 359 495
24 829 142
25 112 388
25 723 96
25 580 619
25 424 293
25 733 399
26 385 432
26 228 198
26 952 145
26 488 519
26 762 358
26 444 75
26 812 255
27 448 397
27 536 455
27 714 595
27 490 356
27 715 643
28 128 206
28 66 230
28 690 213
28 963 21
28 840 326
28 859 283
28 923 209
29 625 84
29 310 244
29 902 92
29 88 303
29 636 522
29 461 90
29 910 450
30 946 456
30 422 267
30 406 387
30 584 240
30 652 432
31 306 485
31 723 1430
31 132 204
31 966 462
31 311 406
31 313 274
31 395 191
32 960 290
32 514 110
32 322 101
32 583 348
32 856 573
32 344 516
33 805 140
33 698 359
33 395 159
33 988 149
33 62 421
34 610 139
34 979 287
34 499 639
34 948 350
34 629 339
34 39 445
34 651 92
34 971 155
34 684 283
34 877 624
35 37 255
35 245 188
35 743 186
35 632 195
35 447 209
36 705 235
36 182 236
36 455 130
36 872 211
36 524 340
36 348 100
36 46 96
37 833 218
37 55 261
37 489 171
38 756 465
38 599 218
38 247 245
38 104 178
38 347 249
39 896 158
39 944 187
39 98 122
39 395 466
39 763 174
39 668 382
40 928 127
40 51 438
40 229 232
40 710 418
40 504 242
40 746 553
40 844 187
41 784 216
41 341 102
41 776 134
41 938 249
41 847 272
42 784 300
42 80 546
42 433 82
42 739 237
42 763 690
42 127 259
43 402 177
43 459 75
43 908 137
44 114 169
44 615 106
44 554 263
44 826 120
45 692 258
45 292 326
45 500 486
45 471 52
45 72 212
46 306 415
46 117 277
46 294 468
46 856 63
46 122 226
46 666 557
46 891 127
46 955 378
47 595 406
47 981 228
47 87 240
47 841 282
47 495 502
48 545 322
48 354 271
48 84 847
48 85 359
48 728 331
48 777 263
48 298 444
48 906 364
48 234 342
48 442 77
48 235 190
49 308 213
49 379 336
49 478 112
49 95 289
50 592 348
50 365 766
50 127 104
51 195 122
51 692 383
51 932 522
51 279 413
51 539 280
51 124 278
51 988 90
51 76 245
51 799 320
52 995 125
52 172 202
52 589 265
53 384 457
53 418 498
53 279 505
53 585 153
53 938 502
53 172 415
54 720 91
54 564 320
54 661 705
54 885 264
54 267 583
54 619 225
54 412 377
54 797 101
54 254 271
55 832 262
55 419 114
55 167 338
55 408 214
55 793 348
55 94 648
55 958 365
56 160 163
56 227 171
56 838 291
56 220 506
56 941 225
56 670 340
57 770 71
57 364 228
57 847 678
58 341 307
58 501 165
58 809 282
58 556 197
58 573 330
59 610 44
59 914 360
59 292 494
59 694 352
59 265 290
59 298 120
59 874 106
60 385 469
60 388 138
60 580 489
60 138 220
60 762 362
60 333 145
60 926 348
60 398 373
60 735 184
61 885 260
61 310 408
61 439 172
61 855 291
61 409 244
61 874 209
61 698 373
62 192 122
62 816 431
62 288 203
62 577 134
62 402 343
62 423 240
62 335 383
63 825 95
63 314 538
63 493 211
63 991 395
64 774 303
64 328 44
64 922 485
64 171 181
65 160 178
65 81 337
65 67 170
65 195 115
65 788 122
65 826 291
65 797 177
65 861 238
65 559 169
66 816 175
66 978 259
66 83 189
66 964 522
66 565 437
66 453 500
66 121 539
66 894 213
67 166 343
67 735 429
68 257 382
68 616 354
68 974 391
68 334 300
69 330 125
69 75 101
69 220 232
69 718 225
70 992 159
70 886 189
70 231 84
70 584 228
70 220 512
70 478 119
71 225 347
71 87 671
71 732 44
71 95 356
72 626 195
72 923 264
72 620 308
73 448 230
73 864 380
73 548 465
73 852 603
73 500 200
73 727 295
73 952 45
73 936 136
73 139 281
73 619 561
73 478 669
74 865 124
74 179 253
74 968 335
74 893 322
75 209 511
75 402 325
75 325 563
75 773 619
75 805 170
75 776 253
75 681 294
75 335 211
76 866 258
76 851 483
76 629 765
76 502 270
76 438 594
76 958 468
77 166 398
78 594 342
78 754 442
78 309 280
78 614 169
78 426 185
78 731 392
78 349 359
78 750 167
79 240 97
79 162 215
79 370 664
79 455 283
79 297 841
79 735 596
80 528 441
80 838 179
80 249 326
80 761 172
81 298 402
81 95 529
82 720 324
82 673 996
82 529 238
82 323 182
82 362 693
82 252 435
82 191 112
83 834 292
83 933 267
83 664 323
83 617 159
83 826 244
83 718 578
83 366 232
84 723 199
84 743 202
84 569 284
84 489 161
84 938 208
84 347 214
84 973 140
85 370 519
85 900 681
85 601 387
85 427 218
85 364 385
86 848 136
86 385 226
86 177 338
86 594 574
86 643 369
86 182 42
86 744 173
86 399 185
87 341 132
87 726 287
87 823 249
87 968 207
87 590 479
87 511 98
88 354 263
88 615 181
88 298 258
88 346 290
88 956 97
88 862 214
89 129 293
89 113 560
89 342 300
89 695 223
89 924 317
89 669 326
90 523 60
90 828 464
90 558 163
91 210 171
91 597 135
91 351 29
92 369 46
92 306 125
92 217 786
92 587 263
92 573 480
93 963 584
93 181 413
93 327 585
93 247 185
93 967 222
93 664 309
93 652 211
93 429 532
94 694 119
94 426 628
94 507 243
94 302 142
95 210 216
95 214 268
95 585 264
95 649 17
95 527 389
96 584 120
96 506 339
96 588 423
96 493 274
96 750 86
96 783 637
97 913 523
97 626 163
97 582 684
97 297 261
97 745 452
97 957 244
97 461 59
98 624 394
98 801 512
98 369 285
98 340 64
98 709 202
98 238 203
98 254 169
98 223 228
98 383 156
99 321 441
99 212 489
99 213 380
99 805 257
99 581 165
99 313 468
99 874 237
100 486 682
100 951 233
100 568 729
100 842 390
100 412 298
101 374 455
101 425 296
101 186 109
102 552 404
102 266 153
102 651 429
102 159 241
103 720 278
103 131 249
103 679 485
103 583 303
103 552 475
103 408 227
103 460 112
103 269 476
104 538 186
104 635 201
104 844 280
105 576 114
105 601 127
105 907 171
105 558 116
106 787 511
106 136 331
106 408 712
106 860 248
106 639 620
107 180 266
107 879 176
108 947 372
108 853 91
108 840 251
109 673 205
109 355 246
109 259 165
109 215 119
109 715 320
109 539 315
109 479 244
110 707 188
110 164 564
110 796 110
111 770 266
111 228 334
111 453 183
111 150 193
111 471 427
111 331 123
112 176 231
112 625 134
112 791 643
112 872 408
112 443 169
112 219 218
112 860 198
113 721 114
113 531 80
113 437 262
113 185 613
113 954 328
113 636 133
114 740 434
114 458 229
114 814 209
115 224 301
115 310 593
115 473 342
116 240 194
116 497 311
116 579 185
116 948 122
116 342 493
116 393 221
116 314 296
116 445 165
117 290 249
117 836 288
117 629 191
117 262 666
117 152 637
118 885 332
118 249 314
118 300 449
118 332 176
118 284 73
118 204 240
118 143 472
119 704 277
119 306 367
119 596 214
119 694 182
119 678 358
119 887 569
119 183 540
119 137 298
119 573 415
120 244 263
120 692 249
120 615 327
120 969 456
120 363 158
120 414 502
121 592 264
121 298 479
121 507 304
121 604 168
122 913 116
122 978 385
122 182 477
122 887 184
122 151 683
122 968 397
123 704 123
123 403 229
123 430 246
124 416 165
124 645 283
124 919 54
124 282 84
125 384 499
125 912 318
125 881 353
125 377 190
125 574 107
126 544 141
126 865 321
126 161 203
126 978 309
126 598 273
126 330 497
126 970 297
126 830 575
126 495 254
127 768 137
127 800 473
127 228 202
128 768 480
128 451 149
128 148 709
128 260 181
128 917 300
128 757 180
128 469 400
128 598 174
128 870 193
128 374 59
128 284 327
128 639 123
129 144 462
129 676 247
129 534 145
129 158 357
130 853 189
130 886 311
130 294 323
130 871 206
130 911 502
131 576 92
131 593 229
131 481 372
131 859 223
132 677 266
133 725 220
133 714 243
134 818 246
134 258 260
134 422 302
134 601 206
134 874 420
134 219 315
134 285 311
134 623 428
135 912 396
135 659 367
135 869 343
135 327 315
135 615 278
136 530 127
136 755 129
136 884 368
136 517 190
136 662 201
136 444 166
136 925 457
136 637 206
136 559 372
137 224 84
137 640 179
137 833 596
137 962 170
137 390 144
137 651 257
137 557 226
138 352 327
138 820 342
138 504 168
138 332 527
138 717 150
139 835 100
139 329 180
139 171 71
140 288 144
140 908 298
141 497 653
141 579 496
141 743 147
141 905 247
141 412 102
141 685 788
141 429 80
141 783 748
141 255 267
142 338 337
142 886 249
142 602 386
142 604 211
142 812 500
142 605 784
142 879 505
142 559 315
143 355 316
143 227 171
143 725 202
143 871 111
143 169 304
143 780 254
144 299 625
145 856 349
145 232 129
145 474 366
145 714 261
145 250 152
145 619 155
145 543 567
146 832 200
146 992 238
146 337 281
146 353 507
146 340 302
146 679 224
146 718 221
146 942 85
146 367 211
147 307 212
147 470 331
147 776 76
147 671 412
148 178 113
148 804 168
148 437 134
148 198 142
149 513 595
149 451 231
149 964 156
149 437 44
149 216 193
150 977 385
150 845 829
151 329 371
151 362 212
152 904 273
152 394 291
152 986 315
152 603 832
152 316 171
152 350 415
152 527 63
153 804 520
153 900 214
153 347 178
153 173 651
154 868 493
154 731 125
155 657 609
155 353 189
155 275 272
156 656 199
156 579 307
156 405 361
156 391 437
156 841 295
156 937 330
156 941 207
156 719 290
157 389 513
157 503 320
157 328 252
157 648 146
158 789 789
158 186 128
158 938 210
158 237 171
159 211 419
159 356 229
159 964 217
159 901 240
159 790 412
159 807 171
159 408 330
159 190 259
160 804 184
160 852 119
160 792 460
160 282 484
160 604 286
160 494 510
161 227 285
161 692 530
161 396 376
161 686 463
162 803 97
162 388 206
162 804 200
162 756 493
162 999 25
162 600 227
162 520 301
162 766 310
163 773 350
163 309 1124
163 377 273
163 714 213
163 716 485
163 252 263
163 524 497
163 989 232
163 589 219
164 208 217
164 448 722
164 419 177
165 737 229
165 420 709
165 886 500
165 537 169
165 761 133
165 649 401
165 794 370
166 625 279
166 579 99
166 745 504
166 205 122
167 312 97
167 444 437
168 561 150
168 705 262
168 419 274
168 871 224
168 281 470
168 843 214
168 348 395
168 429 91
168 511 277
169 288 270
169 450 257
169 291 323
169 792 440
169 697 216
170 644 616
170 789 192
170 918 169
170 518 218
170 471 151
170 523 334
171 627 412
171 500 328
171 710 175
171 809 336
171 459 372
171 239 96
172 960 358
172 193 192
172 356 182
172 840 644
172 683 402
173 817 206
173 468 64
173 821 721
173 647 122
173 380 149
173 543 441
174 882 326
174 629 331
174 185 181
175 753 264
175 881 146
175 354 388
175 685 231
175 590 380
176 257 533
176 563 623
176 182 208
176 870 264
176 231 280
176 312 280
176 937 64
176 350 340
176 447 216
177 208 197
177 497 320
177 178 401
177 981 421
177 808 507
177 248 224
177 586 263
177 908 174
178 325 463
178 605 217
178 941 173
178 639 435
179 321 359
179 387 255
179 759 255
179 666 326
180 241 98
180 291 362
180 566 160
180 506 432
180 891 422
181 568 254
182 866 272
182 295 305
182 990 229
182 879 123
183 449 98
183 789 251
183 712 100
183 904 492
183 635 241
184 193 288
184 899 325
184 499 70
184 584 1066
184 648 334
184 250 188
184 874 192
184 237 63
184 461 179
185 980 198
185 748 93
186 212 400
186 440 91
186 315 612
187 663 380
187 889 216
187 969 639
187 284 625
188 498 201
188 958 658
189 488 306
189 601 720
190 578 36
190 771 410
190 569 213
190 827 311
190 767 193
191 849 88
191 550 251
191 952 146
191 938 255
191 349 218
192 449 153
192 563 526
192 515 182
192 804 385
192 264 356
192 666 198
192 412 685
192 942 124
193 673 344
193 697 154
193 445 167
194 999 130
194 842 66
194 847 254
195 256 341
195 226 447
195 294 117
195 572 349
195 252 120
195 286 317
195 591 116
196 339 257
196 549 144
196 407 801
196 872 125
196 827 360
197 509 551
197 703 253
198 307 165
198 939 217
198 207 274
198 383 407
199 995 636
199 214 420
200 276 155
200 647 258
200 408 212
200 472 339
200 606 174
201 904 249
201 204 331
201 557 398
201 478 267
202 856 369
202 490 645
202 234 187
202 475 162
202 958 417
202 831 567
203 641 256
203 355 117
203 614 644
203 504 250
203 409 87
203 875 637
203 971 233
203 332 116
203 557 192
204 914 203
204 426 506
204 906 184
204 987 314
205 641 585
205 471 222
205 668 294
206 720 221
206 545 295
206 643 179
206 916 338
206 956 337
207 272 178
207 818 370
207 693 363
207 698 298
207 380 200
207 719 52
207 399 305
208 432 153
208 321 150
208 626 559
208 324 495
208 646 144
208 743 504
208 616 415
208 746 330
208 251 177
208 927 382
208 431 66
209 307 207
210 497 271
210 539 359
210 413 515
211 320 844
211 593 64
211 273 287
211 916 365
211 724 440
211 372 261
211 887 180
211 695 689
211 926 150
212 537 311
212 475 323
212 253 491
213 788 128
213 982 196
213 854 338
213 327 117
213 455 417
214 656 303
214 436 46
214 790 105
214 743 210
214 825 129
214 891 502
214 987 185
215 515 67
215 245 470
215 248 513
215 972 431
215 541 275
215 781 227
215 511 915
216 242 229
216 948 439
216 598 326
216 539 236
216 988 296
216 812 406
216 319 281
217 723 267
217 676 372
217 677 250
217 406 367
217 569 342
217 938 331
217 795 445
217 685 316
217 605 108
218 432 192
218 308 273
218 503 323
218 473 278
219 896 302
219 224 203
219 721 404
219 916 303
219 404 755
220 739 240
220 564 401
220 923 132
220 814 201
220 223 360
221 224 247
221 393 290
221 539 186
221 797 454
221 910 229
222 371 466
222 789 474
222 828 437
222 766 189
222 671 227
223 614 498
223 759 340
223 636 95
224 788 418
224 794 113
224 621 109
225 916 140
225 730 254
225 941 235
225 511 141
226 788 358
226 838 236
226 649 382
226 394 182
226 859 263
226 685 289
227 420 68
227 870 532
227 412 181
228 819 514
228 918 314
228 554 335
228 827 118
228 348 600
229 480 338
229 625 57
229 369 393
229 770 766
229 274 588
229 627 108
229 392 303
229 330 210
229 556 352
229 637 112
230 291 176
230 826 216
231 594 636
231 902 274
231 942 519
231 799 436
232 401 259
232 627 331
232 566 160
232 681 62
232 543 378
233 817 127
233 531 412
233 933 455
233 860 333
233 974 563
233 367 364
234 289 251
234 788 204
234 453 177
234 469 192
234 714 285
234 844 219
234 461 350
234 847 582
235 625 173
235 899 615
235 787 107
235 525 439
236 867 309
236 502 800
236 391 109
236 408 355
236 394 204
236 683 485
236 956 140
236 284 231
236 269 168
236 941 191
237 415 185
238 601 451
238 345 556
239 753 363
239 289 160
239 388 271
239 693 217
239 681 97
239 682 291
241 980 274
241 873 64
241 331 519
241 892 476
242 678 191
242 492 114
243 272 320
243 835 327
243 819 742
243 391 862
243 282 528
243 524 101
243 973 199
244 253 432
244 415 493
244 287 237
245 997 233
245 293 220
245 456 138
245 552 37
245 715 23
245 892 228
245 767 190
246 336 466
246 785 134
246 673 126
246 930 374
246 739 387
246 884 476
246 935 225
246 440 188
246 987 415
246 620 46
246 845 345
246 751 305
247 398 232
248 596 409
248 758 350
249 546 250
249 390 417
249 662 396
249 456 481
249 461 245
249 815 218
250 418 551
250 747 343
251 947 215
251 327 439
251 456 207
251 538 326
251 412 171
253 832 105
253 946 159
253 919 234
253 471 217
253 506 234
253 651 113
253 667 402
254 307 337
254 547 143
254 692 336
254 756 267
254 822 215
254 551 209
254 777 181
254 765 134
255 628 630
255 601 321
255 381 563
256 371 245
256 727 530
256 440 93
256 859 558
257 562 415
257 803 130
257 455 420
257 985 334
257 539 318
258 656 508
258 818 211
258 884 317
258 829 224
258 814 333
258 431 488
259 833 277
259 438 319
259 328 117
259 685 294
260 633 298
260 378 63
260 844 194
260 543 155
261 464 527
261 788 705
261 943 278
262 387 249
262 539 434
262 813 153
262 575 160
263 481 496
263 765 386
263 638 308
264 581 78
264 589 307
265 418 298
265 402 371
265 373 225
265 534 489
265 487 343
265 889 162
266 305 380
266 594 97
266 595 83
266 949 561
266 534 248
266 847 261
267 921 175
268 737 121
268 502 373
268 295 258
268 282 293
268 378 224
268 798 492
268 703 239
269 784 297
269 630 149
269 857 227
269 300 188
269 430 527
270 672 240
270 496 644
270 821 649
270 534 308
271 465 181
271 802 407
271 693 313
271 443 95
271 349 325
271 382 202
272 786 358
272 757 244
272 950 703
272 958 169
273 816 377
273 867 416
273 311 99
273 375 303
273 489 389
273 748 123
273 477 133
274 684 293
274 637 525
275 898 95
275 475 214
275 686 359
275 719 271
276 544 72
276 640 206
276 524 692
276 559 201
277 741 134
277 875 170
277 924 596
278 455 370
278 663 134
278 602 110
278 442 145
278 428 164
279 439 343
279 522 503
280 737 448
280 887 227
280 877 148
281 310 582
281 614 111
282 931 556
282 388 789
282 844 201
283 544 105
283 612 485
283 902 749
284 561 608
284 723 287
284 462 74
285 723 183
285 454 166
285 827 461
285 923 291
286 678 336
287 789 125
287 872 187
287 329 456
287 826 268
287 379 282
287 971 252
287 671 221
288 404 851
288 853 914
288 664 359
288 906 208
288 909 120
289 869 508
289 732 166
290 897 228
290 546 340
290 980 141
290 404 123
290 374 625
290 777 203
290 969 277
290 398 113
290 847 206
291 849 265
291 600 148
291 573 102
292 661 155
292 487 288
293 931 503
294 547 349
294 425 117
294 587 608
294 892 638
295 436 715
295 553 290
295 890 529
295 797 215
295 430 457
296 928 250
296 642 395
296 580 552
296 986 294
296 653 314
296 366 402
297 704 318
297 674 378
297 963 180
297 707 81
297 500 344
297 936 174
297 396 190
298 720 231
298 357 199
298 806 446
298 584 176
298 459 167
298 877 273
298 846 224
298 527 472
299 422 243
299 423 144
299 487 125
299 602 389
300 708 455
300 506 368
300 620 714
301 882 393
301 868 144
301 516 233
301 999 567
301 511 201
301 639 130
302 816 265
302 817 139
302 826 212
302 670 293
303 917 371
303 731 202
303 445 116
304 521 345
304 399 655
305 760 549
305 637 114
306 822 301
306 327 547
306 343 73
306 461 105
307 722 471
307 692 182
307 920 266
307 809 73
307 330 145
307 859 169
308 939 247
308 703 311
309 485 429
309 875 211
309 907 213
310 454 398
310 730 320
310 378 260
310 541 508
311 400 80
311 707 177
311 539 837
312 610 233
312 707 625
313 336 610
313 432 268
313 560 517
313 946 374
313 595 472
314 386 241
314 930 250
314 841 54
314 346 277
314 747 409
314 334 170
315 752 179
315 625 201
315 372 249
315 953 231
315 974 527
316 363 275
316 780 256
317 564 745
317 735 533
318 688 255
318 466 292
318 323 238
318 534 371
318 486 391
318 934 404
318 665 253
318 863 98
319 977 278
319 705 223
319 661 402
319 760 378
319 379 355
319 636 149
319 621 182
320 390 168
320 632 91
320 760 153
320 440 166
322 768 157
322 353 214
322 820 287
322 983 84
322 346 226
322 411 588
322 415 156
323 400 581
323 490 267
324 402 360
324 422 477
324 934 100
324 425 220
325 534 120
325 486 354
326 608 328
326 378 221
326 797 108
327 855 665
327 921 490
327 633 201
327 395 274
328 434 408
328 691 229
328 614 275
328 494 126
328 942 262
329 932 312
329 460 552
329 844 637
329 830 303
330 644 266
330 681 118
330 425 191
330 490 194
331 722 282
331 595 146
331 984 386
331 552 606
331 954 261
331 698 68
331 956 411
332 497 271
332 820 153
332 677 581
332 885 292
332 454 359
332 443 892
332 764 280
332 412 338
332 909 189
332 334 621
333 528 271
333 855 396
333 600 212
333 984 152
333 348 274
334 640 250
334 967 270
334 699 303
334 796 379
335 368 188
335 454 105
335 838 101
336 658 500
336 722 190
336 835 123
337 960 283
337 996 272
337 566 93
338 432 78
338 422 230
338 575 108
339 849 153
339 994 150
339 499 321
339 925 250
339 941 338
340 508 200
341 688 240
342 402 186
342 425 180
342 521 560
342 443 459
342 621 275
343 546 193
343 344 303
343 831 159
344 416 100
344 864 219
344 960 395
344 955 318
344 779 247
344 555 118
344 428 606
344 588 253
344 558 573
345 636 107
345 878 362
346 544 281
346 875 371
347 689 470
347 818 73
347 442 323
347 990 428
348 587 143
349 403 341
349 518 126
349 537 294
349 571 252
349 588 399
349 702 572
350 560 102
350 857 140
350 537 303
350 985 360
351 674 81
351 917 147
351 536 206
351 649 197
351 364 732
352 449 257
352 484 551
352 581 445
352 746 146
353 417 473
353 414 300
354 404 472
354 820 302
354 986 353
354 859 132
355 577 221
355 743 121
356 393 263
356 457 213
356 363 152
356 491 197
356 749 341
357 883 562
357 510 81
357 831 251
358 387 145
358 516 327
358 756 38
358 473 219
358 506 360
359 771 211
359 436 758
359 648 409
359 778 175
359 874 185
359 718 358
360 882 159
360 788 331
360 647 228
360 379 288
361 516 241
362 496 186
362 546 380
362 994 357
362 652 299
362 812 177
363 625 452
363 901 338
363 551 372
363 744 67
363 808 289
363 923 143
365 537 365
365 523 394
366 534 675
366 919 378
366 871 153
366 410 361
366 667 306
366 446 78
367 656 247
367 496 126
367 897 195
367 753 131
367 595 275
367 741 140
367 759 159
367 730 168
368 411 284
368 844 459
368 543 67
368 639 97
369 560 565
369 690 355
369 610 445
369 835 113
369 588 173
369 653 156
369 831 210
369 607 181
370 511 310
371 967 960
371 845 385
372 720 187
372 644 393
372 550 195
372 795 170
373 704 232
373 502 508
373 886 100
373 394 108
373 795 494
374 514 720
374 898 342
374 979 173
375 422 296
375 822 239
375 921 511
375 890 607
375 442 476
375 765 182
376 850 98
376 773 138
376 727 503
376 792 584
376 409 283
377 865 298
377 564 528
377 879 552
378 384 341
378 754 39
378 742 145
378 424 84
378 571 281
378 684 100
378 621 318
378 861 562
378 429 151
379 576 238
379 919 373
379 823 350
379 953 729
380 577 201
380 643 175
380 743 103
380 909 273
380 990 607
380 767 268
381 972 228
382 834 218
382 677 102
382 443 231
382 621 330
382 845 394
383 973 268
384 976 462
384 800 170
384 915 174
384 648 326
384 634 248
385 598 218
385 486 272
385 911 376
386 983 262
386 751 137
387 691 354
387 772 583
387 698 689
387 795 101
387 989 321
388 739 313
388 787 164
388 678 418
388 874 91
388 618 181
389 570 232
389 620 372
390 716 353
391 484 142
391 824 154
391 953 33
392 625 145
392 425 101
392 954 235
392 668 418
393 931 382
393 452 136
393 868 703
393 951 268
393 987 266
393 875 51
393 971 428
393 732 180
393 493 111
393 926 103
393 607 370
394 519 168
394 520 188
394 748 145
395 704 223
395 630 123
395 760 211
395 495 377
396 726 576
396 410 157
396 911 719
396 767 391
397 699 174
398 992 294
398 945 246
398 774 264
398 440 172
398 648 115
398 730 317
398 571 130
399 562 199
399 871 258
399 647 90
399 733 124
400 820 204
400 454 619
400 920 204
400 556 249
400 940 435
400 430 286
401 450 233
401 468 144
401 889 348
401 841 490
401 556 360
401 797 237
402 561 670
402 793 271
403 913 126
403 962 95
403 643 319
403 843 788
404 919 561
405 480 137
405 950 329
405 570 80
405 861 220
406 948 119
406 580 71
406 999 220
406 588 234
407 897 234
407 546 490
407 611 335
407 903 481
407 685 395
407 413 347
408 547 393
408 740 439
408 452 186
408 580 127
409 483 341
409 964 393
409 683 197
409 620 433
410 666 649
411 579 240
411 628 341
411 903 338
411 777 268
411 954 205
412 576 569
412 994 382
412 835 170
412 983 202
412 508 337
412 431 250
413 635 142
413 718 306
414 934 139
414 616 958
414 750 466
415 868 48
416 865 464
416 510 322
417 916 781
417 872 88
417 921 367
417 649 92
417 730 118
417 955 167
417 845 523
417 975 198
418 848 86
418 728 474
418 747 169
418 620 674
419 838 233
419 858 327
420 640 236
420 918 152
420 888 375
421 818 106
421 837 119
421 890 598
422 803 135
422 536 634
422 572 359
422 941 73
423 914 384
423 566 446
423 920 219
423 653 609
423 910 316
424 887 588
424 522 305
424 782 282
425 963 181
425 900 351
426 502 199
426 569 184
427 725 348
427 538 139
428 531 453
428 949 627
428 751 333
429 993 299
429 737 451
429 807 276
429 600 296
429 456 575
430 562 382
430 547 211
430 710 233
430 892 187
431 698 328
432 945 256
432 772 290
433 707 206
434 625 504
434 725 201
434 807 221
434 734 558
435 884 611
435 711 400
436 530 471
436 932 293
436 886 342
436 856 284
436 986 392
436 475 546
436 573 179
437 561 478
437 881 436
437 841 337
437 954 56
438 916 255
438 469 220
439 806 46
439 711 371
439 638 408
440 742 421
440 486 365
440 715 292
440 974 162
441 540 310
441 670 289
442 603 670
443 803 455
443 727 289
443 842 269
443 973 261
444 545 541
444 715 258
444 558 186
445 450 287
445 695 270
445 504 107
445 936 273
446 875 396
447 692 417
447 488 398
448 857 459
448 749 305
449 480 229
449 763 341
449 749 322
449 494 147
450 933 112
450 939 376
450 975 161
451 817 551
451 842 365
452 558 164
454 688 326
454 605 216
455 801 413
455 900 187
455 765 449
455 863 227
456 468 309
456 504 473
456 717 185
457 632 210
457 569 359
457 733 158
458 745 257
458 987 487
458 908 143
458 861 56
460 817 229
460 638 319
461 657 311
461 868 231
461 774 223
461 536 355
462 532 758
462 807 462
462 766 263
462 975 77
463 825 344
464 757 93
464 631 40
464 759 415
464 779 510
465 871 197
465 552 101
465 540 327
466 512 516
466 715 380
466 779 207
466 620 135
467 756 328
467 901 248
467 631 482
467 904 392
467 875 582
468 837 294
468 886 674
468 634 298
469 753 441
469 949 237
469 822 377
469 973 131
470 912 604
470 548 465
470 901 322
470 502 176
470 918 307
470 889 19
470 796 137
470 589 267
471 498 541
471 792 148
472 723 242
472 900 193
472 665 401
472 971 282
473 739 189
473 810 332
473 476 456
474 816 685
474 822 652
474 778 360
475 689 695
475 716 236
475 719 99
476 676 145
476 971 218
476 766 94
477 804 685
477 932 514
477 586 234
477 636 251
478 672 526
478 818 82
478 886 420
478 905 130
478 970 133
479 683 280
479 796 203
480 610 156
480 931 131
480 637 111
481 538 368
481 975 367
482 594 231
482 975 296
483 688 85
483 771 95
483 515 289
483 549 226
483 645 219
483 823 427
483 783 224
484 982 357
484 955 365
485 832 298
485 913 280
485 885 284
486 946 373
486 882 140
486 500 118
486 533 277
486 875 295
487 678 412
487 525 290
487 622 84
488 784 169
488 952 124
488 638 568
489 711 331
489 571 436
489 527 548
490 953 212
490 668 370
490 669 214
491 611 179
491 660 156
491 967 121
491 681 359
491 523 363
491 911 205
492 883 317
492 583 675
492 792 193
492 985 694
493 520 334
493 907 238
493 734 411
493 799 129
494 897 229
494 904 44
494 553 345
495 882 278
495 536 289
495 840 131
495 955 73
496 928 61
496 837 322
496 933 827
496 535 303
496 812 586
497 677 212
497 777 336
499 660 118
499 568 184
499 553 671
499 923 84
499 668 683
499 972 142
500 641 191
500 637 467
500 527 106
501 528 132
501 643 345
501 693 448
501 630 407
501 527 152
502 626 412
502 966 158
502 939 315
502 591 92
503 976 183
503 516 42
503 996 134
503 683 303
503 525 393
503 526 142
503 623 66
504 674 441
504 685 112
504 990 229
505 740 313
505 997 543
505 699 203
506 944 255
506 760 326
508 625 141
508 530 300
508 612 189
508 757 614
508 606 53
508 766 198
509 800 93
509 577 185
509 755 412
509 679 178
510 883 429
510 907 109
510 686 613
510 767 141
511 887 142
511 823 640
511 874 147
512 960 625
512 818 189
512 839 104
512 634 202
513 816 353
513 691 265
513 619 349
515 528 425
515 966 639
515 809 60
515 859 350
516 709 159
516 649 167
516 655 233
517 983 583
518 768 127
518 693 156
518 839 249
518 959 261
519 886 143
519 790 434
519 926 174
520 612 105
520 750 351
521 688 167
521 775 249
521 663 261
522 953 487
523 646 211
524 675 420
524 907 675
525 752 620
525 946 509
526 628 360
526 569 141
526 619 526
527 885 409
528 913 91
528 614 302
528 750 108
529 533 48
529 886 263
529 726 396
529 893 178
529 973 415
529 638 392
530 536 370
531 754 68
532 668 246
532 846 256
533 746 523
533 669 269
533 927 423
534 580 63
534 792 218
535 595 242
535 760 325
535 985 161
535 909 145
535 973 315
535 830 176
536 739 399
537 868 574
537 823 690
537 667 161
538 929 56
538 595 314
538 995 136
538 602 531
538 989 410
539 976 135
540 928 202
540 738 564
540 943 338
541 705 398
541 647 457
541 760 598
541 922 310
541 846 248
541 991 172
542 709 248
542 670 339
543 979 214
543 691 280
543 660 163
543 551 76
543 923 467
543 587 109
544 817 280
544 563 196
544 835 55
544 825 204
545 572 352
546 914 329
546 597 412
546 571 145
546 907 321
547 885 309
547 887 134
547 569 82
547 795 356
547 668 373
548 901 167
549 947 346
549 635 101
549 653 294
549 685 650
549 895 235
549 879 270
550 919 221
551 580 147
551 650 213
551 890 286
553 639 251
554 722 226
554 995 84
554 580 74
554 814 169
554 751 292
555 674 361
555 823 320
555 777 139
555 735 60
556 688 129
557 800 205
557 692 218
557 871 335
557 922 443
557 698 192
557 668 224
557 687 46
558 721 320
558 741 270
558 568 195
558 826 239
559 918 189
559 937 543
559 589 495
562 747 206
563 933 269
563 645 188
563 682 253
563 908 263
564 898 326
564 930 253
564 950 444
565 960 241
565 869 132
565 746 143
567 662 198
567 892 225
568 797 448
568 798 379
571 643 338
572 828 258
573 710 210
574 653 375
575 849 200
575 979 129
575 774 168
575 758 262
575 781 184
578 967 327
578 858 373
578 715 423
578 955 441
579 592 538
579 836 254
579 873 163
580 771 146
580 813 54
581 757 598
581 862 520
581 799 321
582 771 225
582 824 421
582 714 242
582 939 514
583 803 214
584 964 245
584 824 142
585 866 292
585 749 490
587 992 253
588 944 196
588 932 227
588 820 234
588 718 130
589 832 305
589 839 115
589 906 525
589 653 107
590 820 176
590 965 392
590 780 290
590 621 83
591 728 223
591 760 231
591 621 481
592 834 552
592 947 14
593 647 658
593 808 229
593 954 299
594 785 245
594 868 290
594 996 115
595 872 564
596 913 337
596 713 333
597 848 350
597 888 113
597 812 397
599 609 144
599 822 482
599 924 598
600 764 64
601 812 331
601 750 117
602 970 233
603 725 51
603 775 376
604 802 354
604 990 455
605 657 589
605 697 377
606 655 450
607 951 443
607 631 391
607 935 132
607 858 99
609 979 196
609 964 382
610 979 372
610 901 259
610 876 315
611 839 161
611 894 590
612 979 415
612 804 291
613 737 145
613 853 264
617 946 914
617 964 243
617 623 76
618 643 348
619 914 79
619 630 452
620 949 135
620 822 192
621 625 385
621 865 279
621 818 100
621 890 124
622 724 245
622 667 289
622 939 400
622 763 126
622 879 186
623 826 174
624 864 209
624 695 652
624 776 115
624 664 378
624 634 123
624 875 188
624 907 502
624 862 372
624 958 259
625 914 451
625 647 398
625 969 469
626 982 141
626 783 364
627 770 247
627 882 153
627 825 466
628 694 179
629 883 261
629 647 362
629 827 337
629 779 300
630 896 599
630 804 470
630 662 640
630 906 76
632 847 512
633 761 231
633 654 222
634 865 493
634 643 383
634 646 422
634 840 376
634 780 328
635 965 189
635 903 773
635 926 289
636 647 221
637 915 482
637 761 556
638 738 254
638 764 345
639 995 294
640 983 194
641 772 228
642 721 330
642 838 97
642 871 133
643 686 280
644 741 362
644 950 335
644 858 554
644 970 858
644 958 133
645 692 231
645 951 327
645 858 197
646 897 223
646 755 287
646 868 264
646 664 227
646 761 255
647 906 298
648 865 282
648 673 210
648 697 234
648 748 473
649 791 235
650 917 554
650 773 936
650 789 147
650 953 51
651 812 29
652 787 44
652 953 366
652 873 96
652 825 89
652 957 306
652 686 373
653 821 51
654 690 279
655 833 177
655 691 398
655 852 153
655 777 108
655 718 432
655 847 225
656 713 418
657 695 347
657 895 268
659 856 307
660 852 45
660 807 352
660 717 349
661 786 322
661 759 501
661 953 278
661 794 125
662 706 311
662 938 359
663 753 341
663 693 342
663 936 190
663 987 120
663 974 449
663 718 154
663 799 418
664 780 479
665 705 478
665 781 65
666 865 75
667 796 190
668 937 238
668 957 232
668 941 171
668 702 103
668 735 408
670 752 112
670 972 871
670 782 325
670 671 199
671 917 162
673 729 341
673 890 291
673 685 178
674 698 333
675 874 111
676 998 289
676 812 289
677 746 328
678 969 134
678 973 317
678 846 76
679 715 427
680 915 659
680 989 116
680 878 258
681 817 337
681 738 532
682 919 285
682 762 488
683 880 355
683 978 326
683 821 301
684 963 786
684 790 290
684 942 418
685 960 104
685 947 422
685 955 108
685 875 340
686 863 449
687 976 248
687 808 230
687 876 308
688 947 154
689 962 227
690 764 507
691 804 234
691 836 261
691 774 129
692 734 348
693 998 473
694 897 162
694 908 282
695 944 699
696 854 59
696 971 121
697 721 96
697 949 267
697 906 1290
697 907 601
697 813 296
698 786 271
698 867 417
698 827 125
698 892 244
698 943 160
699 864 345
699 720 137
700 734 304
701 776 192
701 970 423
702 944 245
702 979 761
703 851 269
703 876 253
703 719 386
704 790 99
705 727 276
705 712 156
705 893 180
706 771 98
706 837 180
707 753 521
707 986 480
707 844 172
708 807 315
708 953 864
708 959 600
709 884 75
709 973 173
711 961 240
713 884 227
713 935 306
714 902 490
714 857 304
715 758 223
716 895 543
718 936 587
718 760 427
719 883 685
720 875 164
721 950 369
721 943 223
722 749 234
723 732 330
724 836 232
724 906 306
725 823 86
726 849 521
726 888 178
727 917 99
727 919 627
728 838 156
728 828 242
729 827 253
730 959 217
731 945 449
731 844 442
732 817 104
732 831 83
733 817 427
733 758 53
733 921 115
734 869 301
735 819 620
735 887 189
735 871 233
736 824 238
738 826 517
739 800 321
739 993 147
740 818 247
740 813 133
741 842 206
742 752 236
743 946 227
743 754 114
745 917 689
747 917 457
748 960 177
748 817 388
748 892 191
748 878 431
749 949 720
749 959 532
749 991 117
750 921 235
751 778 318
751 970 250
751 956 369
753 947 204
753 933 178
753 935 232
753 967 78
753 953 109
753 958 167
754 921 548
755 800 90
755 945 202
758 970 458
758 908 435
759 992 36
760 817 318
760 949 135
762 846 230
762 799 392
764 910 324
766 978 554
766 878 518
767 865 705
768 889 206
769 900 548
769 970 282
769 926 403
770 954 407
770 830 283
770 959 286
772 991 454
773 913 352
774 882 416
774 870 377
774 999 517
775 786 414
775 872 188
775 910 373
777 798 380
778 880 325
778 953 424
778 969 395
779 940 126
781 944 213
781 851 242
783 816 583
783 805 319
783 922 322
784 880 258
784 946 252
784 840 844
784 892 293
784 797 450
784 909 144
787 992 166
787 962 524
787 926 542
788 799 212
790 962 373
790 804 369
793 914 372
793 887 93
793 924 110
794 850 258
794 871 253
795 836 318
795 808 174
796 929 331
796 863 318
797 823 109
799 981 514
799 891 455
799 861 558
800 835 100
801 928 277
801 872 328
803 889 351
803 926 235
808 905 391
809 904 233
811 839 239
811 871 94
813 904 69
813 975 225
814 960 553
814 926 271
815 846 299
815 847 159
816 832 336
817 889 180
818 836 411
820 882 157
821 982 171
821 998 131
823 978 563
824 912 117
828 894 195
829 852 417
830 961 333
830 851 147
832 833 211
834 959 288
835 885 218
835 970 309
836 884 370
837 967 472
841 966 194
842 953 413
842 956 114
843 902 227
844 933 261
844 888 90
844 911 254
848 859 387
849 892 674
853 897 191
853 870 529
853 920 427
855 990 1128
856 870 186
856 909 586
857 968 46
859 880 103
859 937 452
861 994 263
863 866 331
863 959 356
866 951 243
866 989 165
867 890 142
869 905 127
869 971 152
869 879 253
871 992 379
872 888 267
873 961 99
874 885 198
877 995 333
878 915 547
879 885 526
879 966 99
883 947 129
883 951 242
885 912 369
885 972 526
886 905 415
888 968 541
888 974 321
891 923 142
897 981 377
899 999 224
899 922 215
902 967 273
904 919 20
904 968 288
904 973 381
905 928 87
909 966 408
909 974 152
910 955 195
912 931 160
915 987 459
916 928 837
916 966 313
919 949 213
920 957 623
923 960 244
927 986 232
929 948 554
932 946 286
936 945 504
939 960 748
939 983 711
942 962 214
947 999 258
953 961 302
954 971 108
958 989 318
963 965 228
964 983 180
964 974 281
969 976 1018
978 998 58
980 990 97
