1000
0 418 449
0 325 206
0 119 431
0 312 328
0 969 143
0 251 756
0 236 126
0 877 121
1 883 206
1 5 107
1 342 189
1 775 154
1 857 250
1 329 342
1 442 258
1 364 932
2 624 298
2 418 490
2 100 88
2 868 188
2 52 132
2 933 338
2 695 376
2 967 117
2 508 238
2 701 371
2 302 209
3 849 105
3 533 93
3 101 154
3 23 183
3 504 167
3 537 355
3 572 160
3 847 476
4 417 141
4 513 354
4 434 397
4 146 171
4 181 630
4 693 113
4 999 294
4 986 446
4 906 260
4 170 207
4 827 135
4 60 171
4 572 643
4 172 206
4 685 344
4 589 295
4 622 268
4 174 657
5 432 316
5 290 301
5 132 261
5 742 180
5 471 389
5 489 43
5 793 654
5 186 551
5 43 117
5 268 332
6 384 513
6 112 113
6 994 414
6 454 229
6 71 393
6 551 305
6 823 507
6 249 206
6 986 226
6 107 377
6 347 394
6 556 252
6 829 58
6 653 110
6 493 181
6 525 248
6 31 143
6 47 72
7 368 266
7 640 329
7 977 422
7 36 269
7 984 142
7 874 525
7 924 660
7 926 597
8 945 342
8 198 153
8 438 310
8 280 325
8 393 221
8 394 400
8 699 107
8 829 262
8 574 69
9 928 816
9 499 243
9 772 687
9 408 286
9 521 209
9 186 509
9 970 748
9 667 330
9 924 368
9 157 292
9 733 192
9 766 67
10 240 224
10 771 130
10 803 355
10 117 178
10 872 159
10 200 699
10 88 113
10 571 80
10 751 114
10 431 430
11 577 481
11 49 372
11 866 97
11 404 69
11 424 69
11 26 469
11 397 236
11 669 763
11 383 272
12 976 802
12 866 193
12 194 473
12 291 307
12 871 122
12 407 240
13 544 182
13 785 441
13 177 294
13 772 197
13 901 34
13 214 91
13 631 202
13 647 376
13 808 217
13 217 127
13 362 278
14 978 475
14 980 314
14 714 176
14 218 187
14 684 710
14 204 71
14 941 99
14 190 152
14 46 407
15 816 153
15 82 215
15 852 352
15 632 206
15 539 76
15 910 575
16 416 407
16 917 420
16 85 216
16 746 236
16 621 213
16 381 247
16 367 483
17 832 230
17 899 247
17 229 298
17 104 170
17 171 687
17 221 158
17 239 454
18 976 271
18 324 101
18 757 203
18 390 645
18 183 370
18 248 229
18 472 54
18 105 749
18 698 271
18 237 331
18 718 504
19 256 83
19 641 303
19 628 288
19 585 89
19 827 340
19 587 342
19 621 467
19 526 551
19 751 773
20 931 229
20 836 180
20 917 525
20 617 505
20 441 465
20 874 441
20 285 79
20 414 308
21 481 226
21 35 223
21 388 493
21 149 440
21 613 172
21 694 169
21 600 453
21 217 122
21 987 337
21 492 91
21 110 188
22 417 478
22 337 189
22 465 190
22 979 362
22 948 78
22 775 398
22 457 142
22 412 189
22 413 246
22 638 188
23 321 316
23 183 659
23 376 327
23 970 459
23 125 318
23 478 346
23 735 191
24 592 502
24 738 333
24 483 232
24 195 486
24 484 199
24 453 624
24 695 451
24 778 78
24 587 215
24 684 65
24 764 202
24 478 42
24 367 280
24 47 466
24 815 229
25 672 295
25 437 221
25 697 284
25 521 253
25 538 265
25 331 76
25 574 526
25 878 145
25 63 426
25 895 182
26 769 201
26 785 90
26 274 371
26 226 229
26 35 194
26 613 614
26 886 206
26 630 446
26 602 190
26 171 106
26 332 399
26 190 120
27 913 208
27 50 161
27 706 110
27 597 273
27 422 136
27 278 199
27 726 172
27 198 725
27 457 263
27 74 327
27 539 64
27 635 135
27 940 217
27 718 549
28 33 337
28 529 154
28 913 108
28 450 621
28 658 66
28 838 334
28 231 600
28 600 195
28 571 343
28 971 204
28 476 174
29 656 400
29 640 316
29 288 454
29 785 226
29 963 187
29 596 487
29 678 215
29 408 144
29 633 318
29 58 49
29 509 337
29 733 379
29 366 177
29 942 101
29 943 174
30 387 165
30 339 710
30 613 238
30 823 151
30 456 286
30 953 348
30 218 164
30 523 349
30 60 44
30 140 171
31 627 244
31 467 327
31 884 510
31 708 154
31 246 120
31 934 381
31 585 78
31 284 377
31 61 445
31 126 338
31 494 650
31 319 401
32 288 192
32 465 92
32 419 280
32 357 645
32 136 123
32 825 397
32 842 576
33 450 379
33 755 430
33 564 452
33 453 218
33 502 414
33 616 175
33 297 197
33 395 327
33 446 637
33 942 259
33 767 39
34 69 346
34 283 134
34 637 399
34 926 671
35 769 440
35 834 440
35 771 251
35 404 236
35 871 282
35 685 268
35 669 159
35 349 316
35 110 137
36 97 697
36 545 427
36 81 163
36 849 414
36 979 291
36 919 371
36 583 216
36 987 331
36 334 196
37 320 296
37 113 262
37 674 315
37 997 311
37 535 235
37 152 74
37 57 533
37 523 400
37 204 297
37 669 50
38 352 141
38 418 78
38 699 446
38 557 65
38 62 139
38 398 117
39 722 54
39 258 336
39 363 186
39 351 172
40 785 333
40 866 194
40 691 681
40 663 218
40 231 99
40 936 589
40 41 409
40 684 144
40 173 936
40 127 324
41 464 299
41 449 802
41 962 452
41 163 133
41 995 259
41 182 497
41 407 608
41 841 327
41 379 406
41 877 228
41 830 250
41 111 101
42 514 475
42 642 538
42 931 201
42 643 104
42 999 102
42 56 362
42 426 343
42 59 125
42 46 499
42 815 200
43 752 655
43 97 144
43 773 188
43 86 285
43 648 414
43 620 420
43 319 355
43 527 106
44 530 257
44 292 364
44 389 473
44 154 386
44 475 335
44 252 152
44 430 269
45 899 278
45 869 38
45 94 420
45 927 202
45 847 265
45 287 243
45 527 324
46 496 306
46 642 317
46 947 66
46 211 252
46 851 310
46 119 565
46 391 285
46 344 140
46 526 419
47 451 436
47 99 208
47 596 189
47 613 342
47 360 661
47 363 229
47 828 246
47 892 157
47 140 263
47 972 503
47 957 117
47 109 439
47 190 307
47 430 277
48 65 171
48 225 444
48 546 303
48 146 86
48 453 426
48 229 676
48 934 401
48 201 146
48 57 237
48 394 360
48 58 242
48 539 207
48 843 305
49 608 651
49 848 180
49 450 122
49 115 238
49 228 400
49 901 78
49 757 462
49 504 188
49 840 453
49 105 262
49 747 981
49 812 374
50 128 282
50 305 422
50 146 209
50 354 259
50 516 400
50 820 441
50 87 425
50 696 244
50 601 271
50 650 232
51 641 238
51 113 127
51 547 263
51 472 159
51 812 371
51 541 235
51 989 83
51 542 218
52 816 217
52 961 930
52 162 382
52 566 194
52 616 176
52 90 175
52 986 328
52 970 277
52 107 189
52 555 207
52 828 276
52 860 230
52 876 253
52 829 450
52 255 178
52 79 234
52 351 320
53 273 150
53 418 300
53 802 79
53 933 477
53 182 784
53 70 159
53 166 139
53 406 218
53 118 540
53 887 301
53 313 168
53 716 283
53 781 140
54 304 445
54 884 189
54 166 684
54 122 200
55 224 412
55 581 417
55 85 170
55 262 224
55 391 197
55 312 410
55 217 201
55 73 241
55 363 447
55 876 360
55 525 226
55 381 85
56 160 144
56 209 698
56 321 225
56 978 467
56 546 381
56 402 472
56 483 353
56 676 160
56 616 428
56 297 292
56 298 201
56 954 184
56 826 477
56 187 143
56 379 257
56 332 123
56 380 160
56 590 141
57 608 118
57 770 595
57 306 755
57 373 299
57 423 859
57 776 176
57 200 78
57 190 176
57 174 285
57 495 240
58 626 524
58 291 162
58 756 395
58 985 354
58 937 172
58 586 265
59 512 286
59 176 316
59 337 572
59 289 205
59 114 37
59 995 152
59 660 175
59 965 183
59 502 174
59 247 242
59 266 227
59 554 635
59 620 1022
60 288 129
60 291 589
60 469 185
60 455 132
60 903 126
60 232 469
60 875 741
60 639 289
60 671 154
61 353 334
61 84 772
61 248 435
61 219 549
61 604 247
61 62 137
62 401 67
62 322 202
62 580 297
62 86 115
62 744 339
62 299 190
62 382 330
63 739 649
63 183 103
63 905 224
63 954 129
63 876 239
63 637 306
63 543 372
64 400 957
64 227 235
64 819 392
64 260 251
64 823 182
64 697 947
64 506 472
64 602 243
65 450 266
65 870 62
65 998 460
65 455 285
65 135 303
65 184 275
65 697 455
65 635 285
65 364 432
65 796 209
65 414 221
66 208 260
66 657 683
66 401 242
66 177 290
66 67 267
66 483 260
66 148 317
66 980 219
66 453 288
66 234 188
66 734 436
67 736 144
67 145 233
67 626 301
67 307 248
67 885 1086
67 632 285
67 347 398
67 845 218
67 669 117
67 94 216
67 382 222
68 485 325
68 903 410
68 858 169
68 490 98
68 411 278
68 508 457
68 892 130
68 204 287
68 831 234
69 625 136
69 947 234
69 421 376
69 583 336
69 712 336
69 553 155
69 218 408
69 315 87
69 862 209
69 334 480
69 735 88
70 113 330
70 210 273
70 435 389
70 788 445
70 149 200
70 613 315
70 217 103
70 732 204
70 174 409
71 849 294
71 306 266
71 339 185
71 963 192
71 613 177
71 311 217
71 407 106
71 203 181
71 975 340
72 880 471
72 352 343
72 450 238
72 387 221
72 579 192
72 390 372
72 310 142
72 904 145
72 217 187
72 138 218
72 812 190
72 157 471
72 813 463
72 973 272
73 721 540
73 722 193
73 534 390
73 361 267
73 443 385
73 156 244
73 942 798
74 660 669
74 150 209
74 601 238
74 379 140
74 893 252
74 141 72
75 913 152
75 659 212
75 709 236
75 837 717
75 101 1022
75 454 341
75 295 519
75 985 477
75 652 425
75 636 646
75 814 269
76 416 31
76 225 403
76 146 338
76 567 239
76 87 192
76 488 309
76 204 329
76 254 150
77 960 129
77 738 803
77 130 216
77 267 291
78 529 203
78 338 237
78 883 137
78 932 527
78 294 234
78 759 288
78 263 165
78 650 200
78 379 212
78 414 151
78 862 237
79 386 336
79 706 116
79 979 293
79 906 262
79 554 362
79 907 117
79 412 121
79 351 121
79 175 222
80 661 151
81 787 195
81 824 234
81 473 212
81 331 111
81 509 298
81 141 373
82 435 368
82 805 336
82 229 110
82 646 559
82 856 169
82 841 244
82 507 154
82 891 417
82 573 172
82 637 307
82 334 164
83 432 279
83 657 488
83 129 228
83 516 681
83 436 270
83 518 194
83 678 360
83 344 428
83 408 166
83 877 293
84 336 133
84 529 450
84 595 207
84 644 141
84 247 127
84 728 103
84 200 228
84 939 535
84 892 399
84 940 264
84 638 479
85 288 476
85 672 259
85 419 233
85 902 143
85 247 384
85 634 117
85 524 233
85 942 103
86 451 686
86 181 248
86 901 244
86 406 445
86 327 263
86 729 319
86 906 82
86 478 308
87 962 331
87 228 337
87 757 239
87 679 497
87 631 353
87 967 520
87 615 94
87 584 346
87 634 243
87 524 488
87 431 240
88 865 586
88 961 158
88 164 278
88 710 96
88 630 229
88 104 422
88 538 607
88 235 228
88 508 322
89 178 394
89 616 360
89 108 119
89 206 618
89 495 457
90 768 471
90 193 817
90 946 331
90 466 380
90 611 495
90 709 206
90 503 278
90 791 99
90 573 172
90 927 127
91 145 427
91 642 509
91 325 92
91 261 131
91 501 192
91 887 181
91 696 279
91 728 497
91 953 323
91 873 101
91 618 510
91 156 407
91 798 95
91 894 255
91 95 446
91 991 401
92 786 536
92 404 257
92 997 404
92 182 97
92 214 92
92 102 168
92 166 444
92 438 818
92 329 188
93 224 151
93 306 669
93 146 205
93 243 253
93 838 94
93 904 296
93 363 387
93 364 138
93 396 379
93 366 263
94 449 220
94 497 458
94 690 501
94 706 210
94 916 267
94 456 95
94 827 221
94 908 253
94 333 165
94 365 75
94 991 195
95 916 432
95 805 93
95 151 82
95 154 416
95 237 193
95 269 289
96 833 49
96 755 248
96 389 189
96 534 552
96 712 143
96 489 280
96 140 379
96 702 251
97 913 277
97 103 269
97 824 278
97 303 812
98 709 605
98 805 146
98 965 466
98 502 132
98 279 387
98 871 216
98 843 315
98 237 475
98 205 259
99 128 395
99 672 116
99 148 219
99 981 225
99 775 239
99 344 402
100 642 115
100 595 307
100 440 318
100 169 417
100 986 715
100 971 313
100 654 88
100 222 185
101 945 363
101 212 232
101 598 245
101 487 104
101 345 256
101 300 253
101 463 478
102 353 184
102 740 400
102 436 403
102 325 255
102 535 521
102 375 374
102 954 293
102 859 109
102 987 452
102 813 225
102 302 161
102 863 212
103 976 195
103 193 362
103 978 190
103 610 304
103 421 1072
103 582 105
103 406 224
103 935 595
103 361 97
103 603 306
103 670 194
104 690 407
104 950 71
104 250 893
104 827 287
104 747 178
104 174 460
105 899 140
105 328 232
105 840 725
105 859 430
105 427 512
105 623 518
106 256 646
106 145 471
106 450 239
106 354 125
106 776 609
106 456 148
106 153 269
106 556 376
106 911 395
107 777 81
107 842 636
108 961 374
108 324 249
108 745 126
108 169 267
108 187 302
108 700 434
108 751 254
108 431 374
109 544 340
109 560 270
109 243 1037
109 499 326
109 660 267
109 789 182
109 344 227
109 361 277
109 697 199
109 268 147
110 945 601
110 291 102
110 245 222
110 538 679
110 651 46
110 732 264
110 525 700
110 238 134
110 318 240
110 623 444
111 338 335
111 213 650
111 902 616
111 985 570
111 508 199
111 732 773
111 846 166
111 207 100
112 480 409
112 960 395
112 662 304
112 411 208
112 303 65
112 927 372
113 705 278
113 578 950
113 564 535
113 806 420
113 536 80
113 248 151
113 664 314
113 793 305
113 797 382
113 415 122
113 703 242
114 896 265
114 886 435
114 392 199
114 696 437
114 440 323
114 489 889
114 137 332
114 729 284
114 794 166
114 719 157
114 575 445
115 800 776
115 802 690
115 786 409
115 856 177
115 553 606
115 619 228
115 508 421
116 308 255
116 665 659
116 475 424
116 859 82
116 571 468
116 699 296
116 524 413
116 204 658
116 350 246
117 992 360
117 657 227
117 305 219
117 978 260
117 387 315
117 260 474
117 599 160
117 506 486
118 371 122
118 181 457
118 328 308
118 169 340
118 316 263
118 236 178
119 864 185
119 688 304
119 336 230
119 273 213
119 277 75
119 469 516
119 630 381
119 902 669
119 363 342
119 955 257
119 222 312
119 415 264
120 160 150
120 464 101
120 848 480
120 320 508
120 274 326
120 482 146
120 307 483
120 516 191
120 215 388
120 744 70
120 312 613
120 732 512
121 179 320
121 787 620
121 820 401
121 853 301
121 887 613
121 457 570
121 617 508
121 441 413
121 763 380
122 147 466
122 580 148
122 903 341
122 746 428
122 779 52
122 492 441
122 909 534
122 287 174
123 448 272
123 288 227
123 850 329
123 630 144
123 618 208
123 668 267
123 638 154
123 575 356
124 128 447
124 464 147
124 482 244
124 162 235
124 611 476
124 436 309
124 502 320
124 487 41
124 538 216
124 828 309
124 668 572
124 269 493
124 238 392
124 286 316
125 656 286
125 914 143
125 483 105
125 181 222
125 438 770
125 567 355
125 189 290
125 654 233
125 463 375
126 193 307
126 547 66
126 662 388
126 809 286
126 443 498
126 655 292
126 847 384
126 703 271
126 767 271
127 708 137
127 213 321
127 821 597
127 618 420
127 779 288
127 894 482
127 991 128
127 671 403
128 833 271
128 146 107
128 213 187
128 598 591
128 455 245
128 344 645
128 393 267
128 922 218
128 862 166
128 286 323
128 558 321
129 562 195
129 789 264
129 455 272
129 984 210
129 633 99
129 429 400
130 992 297
130 307 291
130 899 218
130 772 187
130 213 203
130 725 246
130 183 236
130 807 169
130 967 230
130 184 290
130 664 306
130 728 293
130 681 297
130 457 118
130 301 20
130 814 172
131 912 192
131 291 76
131 488 359
131 619 208
131 924 324
131 286 305
132 513 120
132 435 178
132 308 406
132 457 210
132 251 455
132 203 144
132 380 87
132 445 372
132 334 128
132 542 211
132 318 110
133 512 527
133 566 125
133 198 293
133 424 273
133 477 86
133 893 352
133 461 235
134 800 226
134 404 360
134 359 84
134 439 422
134 744 352
134 861 548
134 862 325
134 782 62
134 990 638
135 352 149
135 915 679
135 550 183
135 282 305
135 891 540
135 301 477
136 177 175
136 228 161
136 661 224
136 970 264
136 206 91
137 417 200
137 658 311
137 486 144
137 791 498
137 536 253
138 368 132
138 354 151
138 564 178
138 821 325
138 887 98
138 263 148
138 248 138
138 169 122
139 800 350
139 528 383
139 769 777
139 437 315
139 311 467
139 551 63
139 360 577
139 829 771
139 991 146
140 259 297
140 276 648
140 743 636
140 844 187
140 492 118
140 909 197
140 238 396
140 415 417
140 895 468
140 351 217
141 193 244
141 993 329
141 594 230
141 851 254
141 949 271
141 168 404
141 250 1060
141 603 445
141 414 317
141 302 224
142 983 118
142 231 232
142 920 232
142 424 196
142 537 124
142 985 461
142 761 171
142 858 163
142 638 198
142 719 418
142 543 111
143 210 134
143 802 764
143 674 382
143 587 165
143 878 91
144 928 336
144 453 72
144 677 418
144 202 165
144 667 172
144 939 191
144 365 248
144 639 284
145 962 180
145 227 391
145 454 169
145 646 186
145 649 529
145 410 135
145 828 119
145 717 251
145 781 125
145 815 95
146 449 284
146 513 206
146 546 443
146 578 112
146 882 278
146 531 256
146 949 231
146 789 103
146 374 66
146 535 269
146 940 375
146 573 805
146 782 183
146 575 176
146 495 118
147 306 234
147 371 211
147 499 200
147 423 246
147 953 504
148 512 183
148 866 242
148 707 487
148 999 479
148 647 522
148 168 399
148 809 105
148 684 484
148 812 155
149 754 178
149 179 248
149 585 173
149 891 876
149 636 410
149 316 590
149 813 315
149 525 546
149 334 344
150 691 515
150 340 240
150 964 857
150 228 361
150 998 615
150 487 144
150 888 122
150 376 210
150 281 143
150 969 135
150 684 389
150 188 613
150 460 104
150 205 185
150 366 229
150 767 516
151 609 131
151 646 425
151 279 23
151 871 234
151 935 559
152 852 127
152 504 254
152 716 358
152 493 410
153 290 151
153 498 81
153 259 97
153 164 488
153 953 291
153 986 210
153 827 198
153 156 256
154 898 125
154 371 183
154 755 595
154 643 265
154 212 557
154 778 220
154 446 64
155 562 95
155 291 332
155 981 491
155 261 58
155 182 430
155 726 491
155 535 73
155 216 145
155 617 404
155 459 285
155 894 185
155 174 277
155 463 205
156 576 196
156 564 362
156 165 527
156 789 485
156 582 180
156 487 247
156 776 194
156 602 611
156 811 262
156 379 357
156 924 198
156 367 224
156 911 184
157 672 725
157 944 104
157 753 421
157 722 272
157 228 309
157 949 333
157 869 290
157 331 336
157 397 85
157 702 222
158 208 412
158 739 175
158 581 122
158 501 152
158 375 382
158 583 156
158 618 296
158 826 109
158 811 401
159 177 69
159 706 729
159 712 129
159 729 166
159 761 193
160 680 369
160 879 154
161 209 143
161 515 239
161 628 547
161 934 291
161 329 287
161 985 264
162 369 87
162 755 344
162 534 23
162 998 587
162 391 222
162 536 403
162 557 561
162 398 337
163 828 433
164 593 312
164 594 230
164 900 138
164 996 260
164 741 325
164 949 88
164 991 477
164 879 957
165 800 511
165 403 284
165 756 173
165 889 123
165 556 178
165 461 278
165 750 341
166 432 143
166 913 221
166 520 279
166 637 377
166 574 471
167 770 149
167 722 184
167 295 244
167 331 72
168 497 54
168 361 141
168 830 240
169 736 162
169 560 25
169 610 80
169 884 130
169 647 38
169 536 330
169 186 79
169 698 561
169 317 258
170 578 156
170 355 359
170 259 369
170 820 140
170 326 424
170 342 368
170 903 153
170 569 406
170 189 330
170 413 429
171 417 149
171 865 185
171 433 323
171 737 661
171 581 408
171 427 230
171 332 237
171 989 45
171 847 105
172 768 171
172 480 188
172 992 372
172 178 164
172 710 172
172 918 246
172 681 623
172 477 410
173 578 211
173 229 374
173 997 236
173 887 185
173 903 168
173 377 205
173 316 92
173 590 344
173 383 86
174 978 56
174 292 189
174 503 304
174 855 607
174 714 305
174 362 298
175 448 202
175 850 235
175 709 675
175 217 284
175 587 166
175 619 188
175 700 99
175 543 216
176 912 391
176 736 230
176 737 246
176 546 46
176 322 280
176 484 391
176 692 549
176 620 100
177 433 181
177 611 420
177 730 108
177 827 420
177 317 367
178 657 199
178 481 329
178 497 152
178 341 223
178 197 248
178 632 277
178 602 519
178 378 372
178 684 219
179 948 285
179 836 332
179 758 335
179 505 344
179 745 132
179 233 647
179 714 317
179 683 1040
179 235 106
179 383 470
180 768 40
180 336 633
180 880 120
180 503 736
180 519 563
180 952 210
180 840 139
180 910 505
180 879 329
180 735 243
181 450 66
181 739 108
181 403 449
181 806 171
181 998 292
181 696 141
181 746 165
181 859 254
181 606 300
182 756 52
182 421 331
182 903 356
182 649 303
182 924 129
182 573 391
182 605 180
182 367 200
183 610 346
183 771 378
183 868 186
183 965 190
183 695 231
183 809 324
183 639 327
184 752 390
184 275 132
184 484 325
184 500 153
184 247 276
184 727 56
184 295 500
184 856 179
184 456 490
184 232 332
184 873 312
184 202 243
184 618 289
184 797 193
184 847 217
185 450 171
185 962 368
185 674 365
185 617 574
185 874 179
185 444 65
185 604 188
185 637 297
185 557 254
186 400 525
186 211 225
186 723 530
186 537 457
186 314 86
186 621 378
186 349 353
187 724 412
187 486 194
187 966 234
187 998 357
187 231 608
187 552 558
187 715 224
188 614 152
188 215 168
188 807 191
188 999 131
188 554 542
188 349 254
188 302 184
189 560 156
189 561 269
189 242 526
189 706 461
189 403 617
189 212 618
189 709 175
189 805 380
189 632 309
189 713 309
189 298 270
189 796 133
189 190 186
189 639 59
189 559 110
190 386 190
190 822 290
190 687 109
191 208 440
191 674 282
191 803 85
191 275 602
191 612 240
191 246 282
191 599 375
191 591 482
191 319 101
192 945 268
192 353 310
192 499 360
192 374 142
192 807 332
192 408 236
192 569 245
192 377 189
192 218 193
192 715 285
192 300 200
192 925 163
192 255 125
193 546 468
193 278 265
193 646 168
193 551 68
193 618 183
193 379 160
193 573 159
193 493 178
194 401 241
194 609 422
194 741 321
194 744 402
194 972 458
194 334 207
195 960 160
195 560 294
195 449 608
195 966 420
195 633 220
195 825 733
195 778 205
195 365 312
195 349 140
195 447 262
196 353 208
196 197 772
196 454 223
196 279 459
196 695 354
196 488 408
196 313 317
196 379 347
197 504 146
197 218 67
197 347 233
197 971 280
197 430 185
197 927 671
197 399 360
198 512 257
198 513 87
198 628 499
198 516 361
198 795 267
198 318 392
199 305 165
199 465 58
199 531 224
199 950 867
199 248 273
199 537 277
199 490 169
199 955 57
199 718 121
199 846 270
199 303 370
200 226 209
200 211 207
200 963 493
200 804 102
200 904 401
200 378 273
200 285 491
200 894 212
201 450 113
201 502 269
201 569 421
201 698 354
201 541 483
202 642 201
202 872 347
203 610 359
203 291 113
203 740 381
203 484 128
203 500 125
203 373 383
203 214 551
203 407 757
203 536 194
203 602 221
203 571 250
203 427 99
203 956 335
203 797 215
203 493 915
204 576 618
204 784 153
204 704 316
204 595 369
204 249 173
204 633 86
204 620 318
204 990 348
204 462 159
205 276 329
205 855 279
205 940 283
205 286 709
205 382 450
206 945 211
206 211 293
206 502 36
206 439 351
206 809 93
206 446 126
206 318 244
206 526 398
207 944 472
207 689 144
207 577 123
207 706 97
207 981 378
207 762 189
207 779 590
207 555 78
207 893 278
207 350 212
207 590 278
207 223 462
208 640 276
208 897 331
208 433 309
208 466 155
208 403 335
208 883 273
208 421 91
208 230 148
208 332 292
208 317 291
208 526 359
209 641 413
209 786 301
209 339 111
209 403 165
209 422 275
209 294 305
209 793 709
209 955 497
209 959 94
210 802 599
210 994 426
210 805 451
210 918 320
210 470 456
210 327 699
210 999 540
210 426 81
210 892 492
210 908 670
210 927 423
211 593 86
211 372 169
211 437 162
211 919 71
211 298 148
211 876 218
212 294 288
212 984 499
212 330 83
212 730 261
212 414 168
212 271 487
213 505 178
213 331 247
213 411 658
213 333 364
213 765 561
213 782 350
213 942 1083
214 944 459
214 449 477
214 337 204
214 981 127
214 681 84
214 569 245
214 379 539
214 828 450
214 380 25
214 972 617
214 541 381
214 526 545
214 543 404
214 751 739
215 498 196
215 531 184
215 343 566
215 536 211
215 746 273
215 923 758
215 653 204
215 366 42
215 702 164
216 595 228
216 298 717
216 589 339
216 463 94
217 562 365
217 226 194
217 628 124
217 518 391
217 614 366
217 795 293
217 638 162
217 943 647
218 706 459
218 746 473
218 749 224
218 863 95
219 640 127
219 355 740
219 963 382
219 536 407
219 555 358
219 958 248
220 517 314
220 921 425
220 411 521
220 764 256
220 750 391
220 702 183
220 511 116
220 527 213
221 561 534
221 482 179
221 227 325
221 394 327
221 715 230
221 412 778
221 797 980
221 431 86
222 897 758
222 834 140
222 425 210
222 813 223
223 496 261
223 561 291
223 674 441
223 484 63
223 889 179
223 649 71
223 653 149
223 749 355
223 927 662
224 960 99
224 560 277
224 689 533
224 483 57
224 755 180
224 724 351
224 932 626
224 517 165
224 246 458
224 327 331
224 504 201
224 920 252
224 472 143
224 665 407
224 682 193
224 251 306
224 748 199
224 621 259
224 462 254
225 401 423
225 547 241
225 276 153
225 454 300
225 823 373
225 395 300
225 445 175
225 285 447
225 557 224
225 990 126
225 239 216
226 803 217
226 278 337
226 442 470
227 384 372
227 594 308
227 995 272
227 295 231
227 586 288
227 347 214
228 400 172
228 912 335
229 880 340
229 978 350
229 434 436
229 548 184
229 245 676
229 428 212
229 605 253
229 718 118
230 752 310
230 320 402
230 913 173
230 549 181
230 645 142
230 294 358
230 423 86
230 827 344
230 957 417
231 273 52
231 913 361
231 818 220
231 950 356
231 810 745
231 396 179
231 365 420
232 512 200
232 704 183
232 819 142
232 874 409
232 623 144
233 505 72
233 665 353
233 909 476
233 990 383
233 799 272
234 642 69
234 842 286
234 861 225
234 606 183
234 959 160
234 639 271
235 464 224
235 545 215
235 946 182
235 356 643
235 980 53
235 933 57
235 518 462
235 295 160
235 712 226
235 345 403
235 649 100
235 682 359
235 299 253
236 466 117
236 821 447
236 922 424
237 882 526
237 467 435
237 517 274
237 874 564
238 784 271
238 465 213
238 675 402
238 804 177
238 244 218
238 456 302
238 648 261
238 362 431
238 843 163
239 544 369
239 241 498
239 657 310
239 584 188
239 649 195
239 570 285
239 830 638
240 528 290
240 578 178
240 907 732
240 411 126
240 941 151
240 589 286
240 591 168
241 880 230
241 433 360
241 566 142
241 934 417
241 263 435
241 571 356
241 411 82
241 381 326
242 596 488
242 997 103
242 950 595
242 983 384
242 408 302
242 490 148
243 880 473
243 801 120
243 337 190
243 545 370
243 817 426
243 705 628
243 485 256
243 444 367
244 480 704
244 609 180
244 498 231
244 677 264
244 502 409
244 808 132
244 985 223
244 314 184
244 571 76
244 286 377
244 991 224
244 671 264
245 656 298
245 593 281
245 785 377
245 658 208
245 354 216
245 644 72
245 390 425
245 508 158
245 350 182
246 496 110
246 579 178
246 308 370
246 372 418
246 776 332
246 312 250
246 363 349
246 782 328
247 802 315
247 437 184
247 439 332
247 380 201
247 925 100
247 367 216
247 399 508
248 418 353
248 578 237
248 773 172
248 469 387
248 956 150
248 798 222
249 512 615
249 946 361
249 628 313
249 567 535
249 280 381
249 968 390
249 570 84
249 923 572
249 893 134
249 286 339
250 449 102
250 785 171
250 340 266
250 565 245
250 364 366
250 381 353
251 743 254
251 744 121
251 792 430
251 857 432
251 298 146
251 524 168
251 719 229
252 576 82
252 529 132
252 898 221
252 819 364
252 259 260
252 708 101
252 774 109
252 429 239
252 990 356
253 722 227
253 612 158
253 885 342
253 470 661
253 759 371
253 746 268
253 861 274
253 767 269
254 704 361
254 435 102
254 438 449
254 680 85
254 426 183
254 331 116
254 623 253
254 815 166
255 930 241
255 434 238
255 682 204
255 396 87
256 948 97
256 837 230
256 821 258
256 823 58
256 568 333
256 764 249
256 749 342
256 303 173
256 607 288
257 672 999
257 788 171
257 856 247
257 408 140
257 314 299
257 719 239
257 671 103
258 273 392
258 738 340
258 818 270
258 723 74
258 516 169
258 661 88
258 922 491
258 892 180
258 700 418
258 607 253
259 544 107
259 946 328
259 798 522
259 670 70
260 753 102
260 737 180
260 674 224
260 579 274
260 980 215
260 548 619
260 612 220
260 488 294
260 745 444
260 730 296
260 395 743
260 269 587
260 701 607
261 752 461
261 369 323
261 465 220
261 274 54
262 736 126
262 825 43
263 626 152
263 531 168
263 948 271
263 357 146
263 711 274
263 426 460
263 522 266
263 860 110
263 732 422
264 592 467
264 833 507
264 657 200
264 418 893
264 322 533
264 500 66
264 519 175
264 474 181
264 779 121
265 465 407
265 395 682
265 876 403
265 831 408
266 481 250
266 753 124
266 358 205
266 904 208
266 921 79
266 939 137
266 397 240
267 946 206
267 711 316
267 906 366
267 891 468
267 765 388
267 542 172
268 659 185
268 532 162
268 886 407
268 920 354
268 312 494
268 553 265
268 761 234
268 970 282
268 442 485
268 940 250
268 589 161
269 866 180
269 948 72
269 520 424
269 476 643
269 860 117
270 898 62
270 757 386
270 519 230
270 425 209
270 477 348
271 626 298
271 743 278
271 376 288
271 489 121
271 602 219
271 735 219
272 481 660
272 483 194
272 307 178
272 872 227
272 585 319
272 766 719
273 480 571
273 280 640
273 299 235
273 863 743
274 368 708
274 369 277
274 451 211
274 579 86
274 950 133
274 486 270
274 731 639
274 684 114
274 431 517
275 304 185
275 420 319
275 711 250
275 777 233
275 666 277
275 987 825
275 542 655
275 318 252
275 751 257
276 545 244
276 785 217
276 353 247
276 594 486
276 514 211
276 578 82
276 851 341
276 788 183
276 582 197
276 360 126
276 809 577
276 811 199
276 843 128
276 686 512
276 366 168
277 576 504
277 705 500
277 514 304
277 659 85
277 711 500
277 489 652
277 426 454
277 333 411
277 957 139
278 608 206
278 946 155
278 371 69
278 948 272
278 486 466
278 374 195
278 920 378
278 824 210
278 573 740
278 750 289
279 949 94
279 981 614
279 762 252
279 716 188
279 925 490
280 929 402
280 753 161
280 722 555
280 548 189
280 518 481
280 726 228
280 443 246
280 347 96
280 971 528
280 652 341
280 812 347
280 349 220
280 319 346
281 448 240
281 402 310
281 950 237
281 391 572
281 411 429
281 910 150
281 895 490
282 865 461
282 628 498
282 853 23
282 584 256
282 907 456
282 510 400
283 817 556
283 849 225
283 947 101
283 837 557
283 967 422
283 329 162
283 957 232
283 543 269
284 560 319
284 897 1108
284 580 245
284 708 368
284 885 221
284 873 74
284 299 216
284 445 259
284 575 158
284 911 563
285 401 232
285 534 152
285 295 194
285 713 189
285 953 465
285 585 219
285 617 143
285 763 269
285 782 511
286 883 1079
286 661 118
286 549 290
286 552 261
286 794 127
286 412 321
286 301 303
286 381 261
286 654 504
286 574 203
287 673 69
287 391 328
287 330 252
287 541 404
287 958 291
287 399 175
288 880 597
288 787 214
288 902 139
288 614 572
288 984 93
288 696 263
288 859 112
288 476 239
288 525 384
289 627 292
289 852 156
289 359 396
289 392 433
289 937 168
290 625 81
290 391 430
290 791 572
290 712 201
290 361 200
290 873 182
290 511 395
291 960 160
291 708 470
291 425 384
291 969 209
291 666 478
291 491 666
291 315 296
291 767 86
292 626 274
292 996 219
292 468 96
292 774 98
292 409 488
292 987 317
293 768 152
293 612 463
293 713 157
293 714 379
293 538 351
293 412 343
293 637 231
293 974 510
294 532 484
294 887 388
294 507 286
294 716 407
294 446 93
294 702 528
295 897 327
295 881 435
295 310 289
295 583 537
295 999 376
295 616 181
295 345 133
295 619 145
295 669 299
295 733 390
295 798 727
296 705 635
296 307 205
296 484 567
296 676 372
296 917 214
296 566 205
296 422 600
296 986 269
296 924 499
296 541 183
296 765 283
296 430 298
297 496 410
297 977 213
297 885 119
297 854 354
297 567 280
297 778 208
297 444 349
297 348 321
297 541 151
297 511 126
298 693 126
298 632 202
299 978 585
299 478 504
299 719 211
300 896 311
300 945 350
300 386 30
300 872 309
300 555 151
300 429 88
301 467 277
301 675 156
301 916 239
301 918 184
301 327 261
301 983 329
301 536 210
301 889 146
301 585 193
301 522 235
301 411 261
301 862 534
301 430 172
302 627 162
302 679 332
302 504 426
302 841 131
302 778 286
302 476 322
303 912 330
303 947 354
303 323 59
303 532 375
303 308 598
303 534 180
303 854 175
303 907 119
303 796 732
303 797 163
303 445 113
304 737 325
304 530 500
304 469 184
304 952 215
304 745 352
304 682 218
304 410 275
304 603 99
304 415 242
305 560 303
305 337 148
305 488 151
305 520 512
305 906 55
305 556 505
305 380 332
305 847 311
306 900 346
306 741 287
306 983 140
306 715 467
306 652 150
306 764 286
306 477 932
306 861 555
307 803 312
307 531 105
307 420 237
307 981 421
307 807 385
307 568 159
307 603 196
307 731 84
307 781 71
307 863 159
308 450 234
308 505 299
308 315 278
309 496 220
309 593 277
309 310 201
309 439 569
309 889 245
309 986 203
309 522 163
309 510 92
309 542 328
310 626 225
310 483 605
310 965 753
310 501 189
310 779 261
310 940 624
310 639 221
311 496 646
311 865 292
311 421 172
311 853 707
311 501 129
311 583 536
311 793 395
311 686 167
311 782 379
312 994 403
312 853 399
312 622 175
312 959 355
313 336 551
313 736 53
313 594 230
313 978 492
313 835 362
313 390 99
313 678 104
313 743 325
313 921 68
313 714 132
313 570 357
313 606 68
314 386 263
314 372 702
314 644 741
314 581 216
314 631 113
314 584 576
314 653 270
315 448 53
315 464 357
315 876 374
315 957 218
316 598 167
316 535 213
316 712 749
316 808 289
316 953 70
316 426 226
316 396 487
316 750 393
316 559 322
317 992 288
317 338 346
317 372 111
317 918 220
317 456 268
317 345 459
317 620 208
317 588 225
318 690 290
318 915 306
318 629 51
318 757 393
318 586 261
318 395 395
318 349 424
318 638 206
319 615 200
319 538 503
319 348 635
320 496 487
320 546 556
320 630 146
320 392 194
320 824 624
320 875 285
320 815 182
321 704 176
321 528 144
321 977 460
321 881 358
321 371 627
321 693 270
321 600 90
321 841 195
321 507 188
321 635 32
321 459 268
321 907 398
321 462 120
322 643 352
322 678 241
322 600 502
322 713 394
322 762 97
322 381 791
323 949 80
323 650 439
323 458 177
323 447 321
323 783 317
324 674 87
324 755 222
324 741 415
324 390 296
324 983 663
325 483 603
325 967 149
325 985 344
325 653 87
325 559 195
326 433 225
326 772 668
326 756 134
326 743 331
326 760 114
326 378 822
326 798 369
326 670 505
326 575 418
326 639 889
326 767 128
327 608 84
327 881 347
327 357 153
327 901 231
327 871 191
327 505 492
327 493 247
327 863 486
327 735 217
328 448 472
328 644 512
328 885 224
328 841 197
328 700 367
328 413 351
329 864 501
329 608 271
329 901 193
329 886 256
329 858 207
329 941 197
330 603 169
330 796 231
330 797 266
331 752 303
331 352 492
331 484 676
331 884 172
331 869 297
331 549 238
331 806 633
331 952 233
331 585 89
331 622 517
332 833 135
332 978 115
332 633 255
332 828 413
332 925 230
332 845 715
332 878 188
333 469 329
333 583 289
333 666 219
333 796 270
333 909 246
334 674 106
334 819 808
334 838 306
334 790 322
334 475 839
334 444 750
335 915 286
335 505 182
335 409 270
335 958 407
336 642 167
336 666 299
336 524 391
336 414 467
336 383 167
337 786 88
337 436 229
337 838 262
337 998 243
337 728 145
337 953 382
337 553 99
337 523 263
337 780 607
337 687 496
338 386 508
338 484 462
338 373 231
338 520 396
338 457 99
338 394 228
338 970 351
338 879 203
339 497 207
339 450 188
339 660 270
339 389 487
339 373 213
339 858 487
339 506 229
339 410 597
340 416 333
340 677 236
340 860 814
341 407 188
341 823 847
341 573 218
341 415 466
342 770 554
342 994 133
342 850 475
342 948 239
342 772 227
342 807 48
342 809 40
342 826 235
342 830 499
342 958 576
343 946 388
343 754 205
343 901 222
343 390 229
343 920 243
343 792 419
343 473 183
343 361 151
343 844 242
344 720 425
344 401 634
344 995 147
344 692 461
344 518 259
344 790 338
344 860 125
344 461 113
345 866 367
345 818 165
345 516 289
345 373 131
345 890 305
345 442 282
345 636 160
345 702 104
346 626 373
346 611 911
346 695 235
346 728 176
346 937 127
346 538 163
346 444 398
346 382 650
346 655 257
347 673 373
347 856 182
347 748 265
348 915 466
348 500 609
348 837 113
348 360 171
348 728 419
348 777 599
348 922 222
348 508 93
348 908 636
348 940 118
348 863 325
349 592 209
349 945 123
349 849 427
349 979 161
349 536 266
349 681 376
349 396 159
349 909 75
349 654 321
349 910 130
350 752 334
350 481 420
350 501 150
350 582 548
350 879 166
351 769 882
351 865 522
351 563 170
351 949 122
352 565 219
352 790 152
352 840 380
352 987 203
352 893 98
352 639 320
353 435 128
353 420 401
353 485 102
353 407 185
353 585 258
353 780 211
353 654 295
354 672 286
354 808 118
354 764 366
355 576 347
355 945 507
355 465 130
355 386 149
355 642 491
355 964 111
355 996 123
355 359 353
355 839 214
355 395 353
355 572 220
355 973 417
356 563 274
356 804 492
356 998 637
357 451 263
357 435 185
357 677 318
357 438 350
357 393 299
357 859 463
358 865 521
358 850 111
358 854 159
358 633 230
358 490 197
358 939 143
358 797 173
358 925 72
358 381 299
359 992 328
359 417 224
359 488 522
359 411 95
360 385 239
360 433 626
360 853 487
360 797 182
361 897 163
361 755 244
361 917 610
361 648 244
361 396 127
362 512 163
362 465 95
362 690 101
362 659 392
362 372 336
362 468 85
362 789 266
362 630 302
362 518 507
362 375 588
362 922 331
362 699 230
362 877 843
363 675 172
363 628 435
363 533 301
363 661 23
363 747 535
363 959 250
364 800 435
364 640 422
364 704 450
364 867 494
364 531 259
364 516 272
364 792 620
364 905 468
364 380 273
365 867 150
365 871 478
365 936 117
365 921 383
365 652 149
366 594 286
366 564 284
366 772 289
366 683 110
366 541 350
366 831 399
366 719 193
367 964 452
367 453 175
367 870 177
367 906 70
367 607 89
368 561 395
368 727 160
368 855 185
368 507 439
368 875 305
369 627 166
369 726 568
369 510 360
370 804 376
370 745 301
370 380 206
370 767 164
371 528 145
371 450 591
371 603 344
371 573 84
372 679 537
372 487 289
372 824 177
372 508 72
373 560 272
373 713 458
373 394 384
373 698 258
373 395 855
374 994 304
374 434 518
374 790 225
374 810 92
374 906 93
374 493 128
375 768 531
375 788 169
375 676 254
375 838 203
375 888 616
375 568 402
375 604 341
376 672 297
376 642 29
376 661 437
376 807 446
376 729 154
376 654 165
377 545 641
377 881 86
377 521 74
377 651 265
378 992 180
378 571 168
378 956 766
378 639 296
379 513 163
379 951 116
379 954 182
379 554 179
380 721 159
380 450 363
380 915 197
380 886 196
380 550 261
380 954 611
380 443 404
380 428 44
381 624 139
381 387 209
381 902 205
381 855 784
381 890 318
381 458 311
381 703 132
382 726 58
382 758 289
382 551 125
382 926 499
383 820 784
383 731 82
383 828 361
383 860 349
383 988 294
383 895 78
384 608 366
384 897 79
384 419 104
384 597 483
384 725 203
384 838 172
384 427 405
384 812 299
385 577 698
385 930 418
385 633 221
385 554 211
385 669 512
386 615 411
386 910 445
387 801 297
387 660 60
387 695 241
387 967 344
387 441 368
387 476 449
387 463 307
388 416 77
388 561 207
388 673 653
388 694 69
388 582 254
388 522 228
388 717 273
388 863 135
389 741 107
389 694 640
389 903 81
389 392 357
389 990 59
389 927 547
390 413 136
390 511 97
391 480 740
391 880 222
391 948 196
391 853 240
391 983 310
391 827 344
391 462 350
392 452 220
392 886 141
392 774 112
393 753 448
393 616 330
393 829 92
394 624 280
394 707 136
394 404 196
394 710 337
395 996 675
395 982 172
395 825 431
395 508 214
396 885 242
396 982 413
396 892 430
396 477 548
396 685 324
396 941 463
397 673 256
397 874 114
398 848 187
398 869 176
398 872 112
398 665 424
398 699 199
399 928 389
399 944 460
399 769 107
399 900 250
399 680 329
399 460 350
399 669 793
400 961 83
400 777 111
400 526 144
401 421 297
401 518 116
401 934 954
401 487 118
401 751 744
402 673 773
402 933 107
402 871 480
402 472 206
403 613 286
403 469 149
403 665 444
403 922 237
403 830 77
404 833 401
404 611 199
404 740 173
404 549 110
404 950 395
404 968 109
404 777 375
404 618 245
404 587 379
404 860 255
404 447 160
405 768 291
406 820 216
406 869 318
406 918 279
406 887 467
406 999 156
406 471 527
406 729 196
407 752 360
407 533 193
407 789 319
407 986 152
407 987 89
407 907 277
407 526 231
407 910 448
408 640 353
408 785 122
408 804 423
408 869 53
408 694 140
408 414 322
408 574 1076
408 639 58
409 896 181
409 549 367
409 441 342
409 490 270
410 564 202
410 949 258
410 923 132
410 491 190
410 557 39
411 832 311
411 805 652
411 901 439
411 886 264
411 936 233
411 584 272
411 905 253
411 540 184
411 606 402
412 801 372
412 434 302
412 903 995
412 542 381
412 590 172
413 850 278
413 777 207
413 442 56
413 459 452
413 813 177
413 975 501
414 530 350
414 467 217
414 473 143
414 825 206
414 762 809
414 715 219
414 973 406
415 837 721
415 711 234
415 713 362
415 746 128
415 972 1057
415 685 357
415 606 264
416 880 417
416 903 155
416 984 268
416 921 93
416 777 611
416 749 283
416 799 214
417 661 168
417 616 145
417 505 193
418 641 597
418 770 248
418 466 464
418 787 274
418 981 121
418 649 142
419 803 424
419 550 684
419 983 347
419 862 115
420 992 641
420 628 190
420 490 172
420 635 107
421 801 415
421 963 276
421 632 326
421 893 232
421 527 190
422 433 79
422 586 356
422 699 242
422 940 251
422 525 516
423 592 108
423 960 69
423 721 134
423 853 330
423 583 150
423 953 256
423 729 116
423 782 100
423 575 551
423 879 108
424 851 266
424 708 279
424 693 568
424 504 171
424 538 304
424 667 615
424 604 201
424 908 388
424 429 94
424 542 143
425 897 281
425 690 220
425 505 116
425 715 142
425 877 167
426 882 301
426 804 316
426 485 239
426 839 315
426 568 270
426 570 70
426 494 314
427 571 261
427 829 297
427 750 341
427 543 218
428 689 97
428 897 527
428 963 207
428 549 323
428 458 411
428 716 365
428 797 117
428 909 475
428 557 471
429 738 226
429 787 53
429 699 268
429 877 126
430 826 224
430 766 307
431 768 199
431 689 168
431 980 244
431 502 30
431 459 587
431 798 862
432 736 85
432 562 145
432 788 436
432 667 27
433 898 208
433 780 746
433 876 317
433 862 332
434 865 292
434 820 415
434 694 355
434 841 541
434 905 92
434 780 240
434 478 158
435 816 117
435 486 333
435 647 104
435 601 856
436 833 254
436 884 357
436 549 293
436 677 215
436 812 145
437 620 511
437 942 323
437 447 161
437 639 536
438 960 348
438 880 161
438 833 104
438 913 425
438 627 666
438 708 337
438 997 413
438 712 251
438 668 421
438 718 220
438 943 353
439 704 247
439 692 87
439 472 145
439 729 72
439 747 252
439 780 172
440 564 348
440 709 231
440 444 64
440 782 160
440 847 380
440 879 498
441 443 137
441 699 155
442 976 460
442 737 423
442 598 96
442 518 148
442 679 102
442 647 62
442 457 257
442 651 121
442 476 396
442 572 148
443 930 181
443 468 77
443 662 521
443 683 280
443 815 479
444 947 150
444 501 264
444 999 217
444 985 268
444 620 116
444 479 516
445 530 567
445 524 581
446 868 85
446 949 151
446 567 291
446 519 278
446 764 504
446 639 71
447 642 159
447 466 208
447 595 272
447 772 244
447 822 478
447 568 212
447 493 260
448 594 178
448 869 336
448 789 174
448 748 133
449 595 419
449 643 364
449 676 409
449 757 725
449 518 156
449 507 150
449 748 138
449 844 311
450 497 114
450 466 141
450 755 475
450 597 256
450 726 916
450 582 252
450 663 397
450 841 591
450 524 476
451 642 360
452 849 189
452 611 127
452 901 129
452 870 308
452 972 82
452 750 225
452 975 282
452 511 439
453 642 67
453 948 47
453 569 236
453 959 276
454 674 324
454 500 369
454 536 718
454 792 615
454 925 582
455 994 421
455 517 374
455 697 192
455 746 308
455 542 408
455 911 222
456 742 120
457 673 347
457 558 359
458 864 331
458 948 279
458 708 263
458 839 339
458 684 250
458 478 836
459 902 113
459 541 364
459 622 58
459 463 50
460 896 135
460 960 320
460 945 274
460 868 605
460 669 571
461 568 221
461 538 308
461 906 822
461 588 552
461 639 173
462 992 52
462 640 404
462 785 166
462 642 360
462 531 120
462 868 197
462 472 276
462 795 207
463 979 269
463 663 172
463 847 240
464 611 652
464 937 277
464 761 441
464 618 742
464 476 209
464 781 102
465 768 235
465 643 100
465 887 628
465 952 720
465 488 163
465 969 321
465 509 166
465 605 387
466 722 71
466 982 210
466 639 169
467 817 327
467 482 328
467 823 194
467 987 92
467 812 116
467 734 510
468 738 101
468 547 409
468 502 347
468 952 571
468 792 501
468 605 427
469 828 372
469 860 251
469 892 714
469 572 391
469 669 155
469 847 94
470 512 368
470 738 275
470 690 294
470 659 378
470 547 424
470 808 191
470 831 487
471 945 208
471 660 477
471 758 409
471 729 428
471 698 471
471 767 117
472 480 200
472 581 414
472 486 373
472 983 108
472 475 221
472 572 535
472 829 113
472 845 90
473 742 181
473 614 363
473 967 156
473 536 314
473 936 555
473 760 238
473 761 367
473 826 464
473 701 264
474 873 235
475 720 138
475 673 341
475 516 42
475 709 388
475 616 472
475 521 288
476 772 483
476 935 518
476 766 190
477 551 142
477 505 25
477 602 117
477 861 248
477 782 174
477 559 277
478 889 549
478 826 437
478 846 237
479 482 348
479 918 231
479 567 470
479 776 254
479 808 209
480 947 283
480 903 216
480 634 176
480 894 304
481 914 745
481 905 94
481 603 373
482 688 108
482 581 520
482 806 478
482 807 339
482 825 120
482 571 469
482 540 174
482 717 117
482 493 676
483 836 226
483 840 141
483 669 64
484 576 172
484 642 52
484 884 94
484 917 592
484 890 745
484 490 616
484 558 198
485 498 234
485 692 248
485 630 240
485 503 90
485 604 189
486 691 699
486 596 721
486 663 659
486 552 171
487 545 851
487 546 437
487 648 358
487 922 174
487 716 207
487 764 88
487 573 106
487 622 199
487 862 332
488 883 316
488 531 181
488 934 352
488 491 384
489 563 334
489 665 438
489 491 230
489 684 330
489 494 302
490 993 319
490 678 484
490 940 172
490 989 244
491 563 76
491 771 171
491 899 158
491 586 253
491 859 442
491 523 64
491 558 117
492 564 250
492 535 390
492 743 134
493 840 328
493 668 452
493 541 116
493 702 290
493 831 208
494 834 368
494 884 29
494 856 212
494 857 334
494 569 306
494 570 147
494 780 117
494 605 775
494 510 179
495 690 95
495 786 388
495 642 385
495 883 195
495 958 51
495 719 259
497 880 347
497 866 219
497 618 288
498 520 359
498 718 233
498 847 206
499 915 94
499 887 102
499 648 195
499 703 179
500 859 220
500 748 253
501 902 153
501 696 124
501 552 422
501 922 419
501 507 67
502 547 295
502 646 528
502 808 314
502 938 352
503 725 613
503 581 224
503 966 403
503 584 197
503 729 301
503 637 102
503 990 102
503 607 83
504 739 315
504 714 200
505 691 132
505 899 155
505 565 555
505 597 433
505 840 99
505 555 583
505 619 284
505 654 361
506 641 358
506 981 166
506 677 425
506 599 409
506 760 231
507 725 44
507 790 128
507 792 266
507 538 342
507 875 109
507 523 393
508 644 405
508 597 470
509 887 464
509 828 270
510 817 704
510 901 267
510 598 404
510 726 439
510 638 210
510 702 238
510 655 420
511 838 428
511 984 178
511 697 303
511 585 233
511 668 269
511 926 462
511 543 285
511 959 599
511 607 100
512 819 274
512 662 90
512 678 448
512 922 372
512 826 210
512 765 147
512 686 484
513 679 487
513 648 175
514 722 286
514 771 294
514 551 193
514 984 313
514 811 244
515 800 329
515 641 474
515 529 771
515 533 117
515 762 89
516 932 166
516 727 260
516 583 152
516 955 267
517 944 196
517 817 93
517 737 869
517 870 281
517 636 342
517 525 80
518 597 198
518 666 348
518 795 365
518 830 245
518 766 222
519 601 345
519 617 173
519 861 181
519 607 200
519 639 420
520 545 579
520 770 120
520 706 377
520 901 283
520 808 197
520 602 187
520 780 177
521 865 289
521 780 214
521 655 439
522 641 187
522 659 435
522 628 197
522 597 197
522 715 193
522 893 119
522 798 303
522 894 230
522 671 192
523 624 123
523 704 302
523 994 257
523 740 164
523 788 790
523 613 106
523 781 189
524 820 410
524 584 291
525 741 201
525 984 76
525 681 133
525 633 49
525 973 127
525 623 173
526 931 363
526 564 150
526 837 380
526 875 586
527 723 335
527 871 83
528 784 434
528 608 294
528 898 122
528 963 423
528 756 39
528 981 109
528 887 130
528 952 272
528 890 197
529 640 211
529 709 219
529 533 150
529 869 172
529 904 591
530 993 256
530 533 531
530 645 442
530 743 228
530 969 205
530 717 260
530 798 568
531 657 84
531 541 295
532 930 171
532 994 494
532 596 608
532 968 233
532 907 202
532 861 362
533 834 499
534 575 466
535 592 235
535 890 328
535 702 93
536 707 662
536 679 64
537 826 111
537 987 273
537 556 202
538 705 104
538 654 247
539 754 416
539 905 266
539 988 362
539 799 147
540 953 434
540 892 306
540 988 516
540 972 167
540 685 396
540 781 253
541 744 126
541 987 239
542 978 363
542 727 61
542 824 95
542 891 135
542 877 186
543 965 283
543 777 424
543 618 312
543 847 67
544 569 775
544 714 457
544 956 292
544 669 381
544 589 138
544 814 111
545 642 109
545 892 465
545 733 393
545 926 55
545 719 405
545 607 243
546 836 174
546 744 285
546 824 137
547 694 171
547 794 540
547 956 434
548 832 136
548 937 241
548 986 127
548 734 223
548 815 111
548 671 63
549 594 528
549 868 346
549 904 99
549 877 276
550 690 421
550 610 364
550 838 796
550 758 118
550 790 316
550 909 513
551 614 296
551 573 336
551 990 155
551 911 180
552 709 270
552 677 256
552 742 559
553 601 286
553 938 243
553 924 362
553 989 146
554 813 168
555 594 208
555 774 547
555 584 110
555 729 448
555 762 162
556 948 407
556 937 302
556 815 126
557 658 833
557 806 256
557 698 399
557 974 146
558 943 498
559 640 594
559 610 273
559 812 95
559 765 338
560 689 152
560 820 260
560 757 116
560 789 724
560 886 419
561 800 347
561 932 164
561 644 120
561 904 235
561 988 632
561 782 280
562 787 919
562 707 398
562 837 493
562 909 140
562 847 524
563 736 230
563 713 350
563 908 462
563 797 223
564 661 430
564 934 313
564 631 480
564 583 556
564 636 73
564 940 385
564 799 518
565 593 205
565 868 166
565 999 291
566 572 107
566 735 379
567 796 214
568 676 109
568 793 349
568 716 259
568 861 150
569 921 831
569 813 373
569 607 429
570 898 36
570 806 251
570 583 86
571 612 614
571 693 687
571 777 407
572 918 251
572 790 376
572 905 524
572 826 238
572 685 152
572 717 347
573 993 186
573 980 1199
573 760 177
573 749 707
574 801 631
574 689 389
574 770 122
574 909 428
574 974 768
574 655 143
575 587 498
576 955 168
576 908 593
577 978 112
577 868 376
578 903 239
578 664 418
578 911 302
579 705 128
579 948 193
579 778 301
579 602 156
580 944 342
580 641 197
580 818 88
580 856 280
580 938 383
580 815 225
581 833 342
581 898 211
581 600 546
581 715 89
581 831 203
582 736 829
582 770 101
582 647 612
583 965 255
583 606 376
584 657 381
584 711 161
584 911 103
585 918 441
585 665 282
585 618 168
585 828 105
585 879 289
586 806 697
587 966 204
587 778 386
587 749 467
587 814 342
587 846 554
588 659 324
588 949 333
588 680 437
589 851 372
589 852 277
589 789 235
589 856 167
590 642 127
590 934 278
590 775 170
591 917 207
591 903 188
591 650 176
591 604 317
591 764 157
591 781 151
591 687 123
592 803 219
592 955 316
592 699 326
592 639 241
593 864 79
593 801 157
593 600 572
593 874 461
593 893 389
594 704 234
594 803 181
594 905 188
594 910 614
595 928 702
595 660 362
595 923 325
596 915 65
596 980 306
596 741 368
596 653 302
596 781 117
597 688 425
597 903 70
597 648 421
597 910 117
598 609 116
598 737 66
598 919 253
598 599 88
598 807 500
598 744 348
598 600 158
598 778 64
599 640 259
599 966 97
599 634 151
599 651 299
599 972 352
599 959 425
600 662 526
600 951 198
601 801 795
601 839 188
601 871 30
601 972 182
602 964 104
602 782 155
603 952 432
603 843 421
603 925 284
604 950 310
604 713 219
604 828 590
604 748 184
605 961 101
605 979 463
605 934 286
605 745 198
605 953 501
605 957 206
605 941 208
606 613 81
606 713 333
606 954 112
607 833 499
607 618 82
607 892 368
607 623 330
608 644 227
608 709 250
608 871 147
608 967 923
608 858 195
608 859 190
608 911 92
609 852 194
609 921 350
609 895 167
609 719 109
610 915 277
610 787 215
610 789 539
610 695 191
611 673 121
611 745 151
611 682 329
612 755 239
612 870 144
612 839 559
613 896 563
613 710 313
613 694 160
613 650 349
613 815 463
614 641 192
614 995 218
614 836 144
614 845 401
615 961 494
615 787 208
615 916 356
615 836 200
615 827 224
615 891 253
616 978 168
616 621 301
616 958 294
617 976 250
617 992 230
617 630 357
617 749 284
618 729 275
618 892 201
618 893 420
618 991 64
619 657 351
619 697 283
619 974 126
619 910 298
619 975 339
619 639 51
620 704 138
620 881 154
620 913 318
620 948 20
621 976 285
621 912 781
621 745 350
621 639 100
621 847 311
622 913 165
622 697 214
622 811 148
623 869 51
623 886 295
623 649 236
624 930 315
624 885 197
624 862 212
625 676 179
625 842 89
625 638 441
625 831 511
626 912 314
626 840 184
626 650 395
627 968 277
628 727 98
628 668 337
629 979 325
629 923 406
629 877 354
629 719 272
630 717 286
631 914 142
631 867 173
631 811 204
633 993 388
633 915 303
633 740 476
633 805 374
633 956 258
635 724 273
635 917 131
635 933 345
635 965 219
635 885 171
635 840 303
635 968 430
635 777 540
635 890 90
636 671 297
637 843 608
638 768 237
638 932 192
638 957 346
639 777 201
639 797 280
640 979 205
640 774 497
640 966 185
640 841 174
640 797 130
640 990 224
640 846 256
641 873 378
641 969 317
641 748 182
641 797 105
642 848 234
642 786 237
642 836 282
642 885 373
642 970 314
642 860 87
643 785 171
643 835 416
643 667 225
643 653 246
643 702 217
643 831 284
644 983 269
644 843 783
644 701 76
645 947 240
645 966 343
645 871 96
645 778 339
645 991 413
645 943 644
646 775 506
646 925 261
646 814 261
646 911 275
647 916 227
648 756 203
648 745 341
648 652 571
648 766 267
649 801 410
649 869 169
649 901 191
649 829 214
649 989 264
650 978 424
650 934 252
650 728 794
650 681 532
650 844 620
651 937 536
651 761 390
651 766 157
652 772 266
652 991 150
653 672 132
653 867 755
653 996 383
653 761 376
654 825 640
654 891 53
654 940 256
654 893 875
655 816 261
655 692 364
655 712 216
655 920 102
655 731 416
655 926 444
656 834 153
656 761 345
657 864 640
657 724 328
657 792 528
657 730 328
657 779 209
657 958 136
658 673 307
658 724 160
658 907 153
658 957 85
658 718 170
659 738 662
659 836 162
660 722 163
661 741 120
661 805 291
661 982 148
661 822 77
661 678 103
661 712 354
661 921 573
662 691 71
662 931 381
662 952 189
662 925 177
663 737 124
663 866 370
663 900 85
663 932 571
663 838 292
663 829 337
663 943 198
664 945 115
664 883 208
664 708 954
665 780 430
666 762 166
667 742 591
667 678 185
667 760 389
667 778 244
667 796 306
668 704 118
668 771 127
668 885 445
668 940 245
668 703 435
669 917 244
669 810 310
670 786 66
670 882 235
670 805 148
670 966 566
670 857 63
671 704 78
671 712 137
671 764 180
671 879 397
672 977 455
672 875 245
672 828 56
673 933 163
674 848 441
674 817 614
675 738 206
675 949 341
675 974 99
675 814 356
676 983 263
676 909 386
676 766 482
677 963 108
677 918 166
678 852 613
678 709 365
678 757 275
678 937 276
678 862 233
678 815 133
679 707 272
679 698 412
679 699 506
679 763 209
679 959 509
680 738 273
680 904 156
680 908 776
681 960 368
681 930 136
681 759 171
682 973 244
683 869 637
683 775 70
683 894 251
684 739 120
684 837 230
684 906 433
684 762 186
685 732 338
685 796 188
685 703 301
686 771 422
686 755 108
687 882 160
687 974 156
688 921 110
688 954 220
688 859 197
688 732 340
688 781 207
688 910 158
689 752 313
689 995 244
689 856 251
689 843 699
689 764 99
690 736 305
691 744 440
691 972 246
693 756 383
694 889 180
694 953 309
695 709 317
695 759 444
695 793 574
695 702 413
695 799 437
696 964 314
696 955 104
696 863 214
697 900 457
697 969 215
697 763 246
697 863 772
698 756 441
698 824 206
698 841 510
698 762 207
699 945 237
699 807 625
699 922 221
699 701 248
699 974 278
699 911 194
700 822 154
700 823 154
700 808 215
700 923 504
701 721 553
701 990 261
702 993 200
702 837 390
702 831 738
703 936 247
703 958 687
704 755 516
704 922 122
704 747 427
704 843 210
704 812 297
705 967 606
705 712 470
705 890 165
705 972 150
705 941 151
705 782 90
706 773 226
706 974 528
707 832 793
707 720 390
707 916 367
707 740 104
707 996 376
707 826 450
708 886 290
708 790 167
708 728 345
709 806 163
709 842 197
710 993 357
710 786 284
710 947 249
710 835 360
710 796 358
710 829 179
711 778 154
711 989 229
712 963 400
712 932 177
712 952 281
712 877 172
712 879 344
713 896 313
713 873 365
714 944 301
714 856 150
714 942 212
714 991 321
715 912 399
715 978 303
715 838 347
715 840 208
715 763 341
716 898 320
716 835 569
716 931 298
716 808 752
716 889 548
717 840 209
717 872 168
718 978 491
718 788 119
718 820 198
718 874 504
718 938 214
718 907 334
718 797 434
719 978 476
719 931 358
719 965 228
719 952 379
719 890 226
719 811 344
720 833 550
720 959 322
721 930 307
721 773 282
722 979 191
722 900 467
722 875 153
722 831 368
723 870 743
723 810 302
724 896 173
724 808 154
724 958 649
725 849 554
725 808 196
725 814 298
727 964 49
728 996 223
728 965 234
728 778 235
729 761 77
729 794 281
730 819 376
730 932 458
730 839 351
730 856 490
730 952 136
730 925 146
731 864 251
731 771 250
731 969 526
732 789 250
732 872 201
732 968 562
732 974 343
733 915 410
733 980 162
733 934 115
733 823 284
733 858 374
733 874 240
733 826 450
733 798 229
734 736 188
735 851 57
735 996 263
735 903 213
735 927 473
736 999 471
737 994 249
737 804 261
737 869 208
738 899 258
738 838 174
740 928 308
741 817 180
741 811 211
741 861 276
742 837 79
742 782 575
742 990 49
743 885 247
744 912 169
744 753 229
744 916 177
744 964 682
744 760 467
744 926 167
745 748 77
746 893 297
747 935 156
747 799 181
748 757 178
748 920 404
748 984 226
748 907 220
748 763 324
748 911 685
749 915 252
749 811 115
749 847 286
750 937 399
751 784 298
751 982 401
751 920 326
752 978 307
752 939 297
754 849 229
754 971 134
755 835 174
755 969 469
756 920 171
756 824 226
756 813 684
757 963 402
758 833 208
759 831 127
760 817 263
760 859 328
761 784 206
761 818 168
761 772 156
761 917 209
761 966 567
761 984 196
762 833 229
762 835 95
762 820 116
762 894 393
763 864 41
763 998 259
763 871 515
764 867 63
764 904 680
764 795 250
764 812 230
764 957 498
764 831 234
765 882 160
765 782 259
766 880 166
766 993 254
767 983 125
768 883 83
769 898 128
769 908 366
770 981 566
770 969 390
770 843 521
771 865 189
771 821 314
772 818 177
772 947 195
772 932 330
772 919 354
773 886 246
773 905 227
773 812 290
774 997 346
774 999 254
774 893 419
775 880 154
775 888 128
775 862 479
776 818 236
776 859 440
777 917 144
778 902 249
778 842 166
779 978 717
779 981 214
779 942 179
780 801 199
780 870 398
781 915 256
781 966 183
782 960 232
782 997 115
783 808 139
784 897 77
784 947 88
784 831 384
785 839 100
785 808 109
786 861 79
787 848 277
787 852 289
788 835 191
788 967 400
789 838 272
789 796 513
789 831 372
790 912 120
790 985 519
791 839 153
792 943 483
793 968 305
793 894 405
794 812 375
795 842 337
796 835 129
796 949 226
796 906 584
796 843 319
797 992 351
797 856 520
798 977 491
798 904 934
798 938 287
798 844 308
799 830 494
800 893 199
802 916 300
802 869 202
802 997 278
802 935 111
803 850 507
803 950 343
804 821 350
804 853 373
804 971 162
805 916 245
806 928 476
808 859 481
808 811 268
809 909 373
810 914 469
810 933 478
810 987 444
810 860 370
811 848 223
811 823 331
811 855 303
812 998 419
812 872 331
814 907 952
814 846 242
815 932 400
819 966 175
819 920 435
819 858 186
820 857 378
821 864 492
822 979 110
822 975 133
822 927 307
824 972 167
825 856 477
826 972 172
827 897 201
827 828 280
828 987 243
830 918 355
830 998 239
830 990 448
831 967 222
832 915 253
833 953 248
833 927 411
834 976 382
834 956 386
835 938 155
836 851 365
836 855 284
837 840 381
837 872 490
838 966 555
838 854 187
838 861 417
839 923 549
839 875 141
839 909 232
840 937 67
841 999 310
843 938 585
843 971 38
844 995 261
844 886 148
847 944 366
847 962 271
847 903 252
847 857 535
848 974 534
849 901 290
850 905 390
851 931 244
852 883 645
853 983 417
853 991 472
854 947 171
854 903 686
855 901 322
855 859 381
855 958 324
856 916 483
856 997 321
856 934 337
856 969 692
857 882 92
857 933 71
857 987 69
858 906 264
858 970 198
858 895 451
859 934 338
859 988 364
860 870 233
861 994 533
861 941 362
862 932 180
862 886 380
863 979 127
863 951 627
864 995 215
864 887 224
865 946 438
865 975 212
866 896 287
866 931 253
866 983 275
867 996 297
868 947 234
868 927 596
868 879 58
869 961 162
871 920 59
872 977 182
872 936 414
873 998 225
875 993 354
876 934 87
877 882 146
877 890 142
877 938 322
878 946 233
879 901 210
880 961 553
880 901 379
880 934 176
880 908 159
880 989 304
882 972 783
883 960 554
883 981 568
884 946 168
884 900 217
886 999 279
888 962 331
888 923 750
888 956 872
890 990 206
891 908 336
892 991 155
894 940 923
895 981 179
895 901 482
896 997 307
896 939 265
897 944 497
897 942 67
898 910 160
900 915 133
901 981 617
901 918 322
901 950 434
902 921 232
903 932 368
903 950 771
903 943 148
906 938 238
906 971 341
907 964 209
908 985 223
908 937 419
911 936 157
912 953 542
913 994 538
913 951 160
917 937 302
919 923 294
921 971 242
923 926 146
924 966 435
927 936 220
929 943 258
930 987 416
932 965 552
932 987 428
933 979 327
934 987 139
935 997 179
935 967 142
936 985 116
940 993 433
940 965 230
940 955 137
941 992 311
941 985 204
941 943 340
944 990 378
950 996 38
950 971 227
951 999 467
953 984 126
958 968 533
961 980 421
967 969 314
967 987 33
967 990 236
968 983 167
970 987 307
971 980 95
974 997 805
976 996 326
